-1.597500e-02 1.917000e-02 1.379429e-02 1 0 0 
-1.597500e-02 1.917000e-02 1.379429e-02 0 1 0 
-1.597500e-02 1.917000e-02 1.379429e-02 0 0 1 
1.420000e-03 7.100000e-04 9.940000e-03 1 0 0 
1.420000e-03 7.100000e-04 9.940000e-03 0 1 0 
1.420000e-03 7.100000e-04 9.940000e-03 0 0 1 
-1.775000e-03 7.810000e-03 1.207000e-02 1 0 0 
-1.775000e-03 7.810000e-03 1.207000e-02 0 1 0 
-1.775000e-03 7.810000e-03 1.207000e-02 0 0 1 
1.988000e-02 9.940000e-03 7.810000e-03 1 0 0 
1.988000e-02 9.940000e-03 7.810000e-03 0 1 0 
1.988000e-02 9.940000e-03 7.810000e-03 0 0 1 
-2.307500e-02 2.059000e-02 1.004143e-02 1 0 0 
-2.307500e-02 2.059000e-02 1.004143e-02 0 1 0 
-2.307500e-02 2.059000e-02 1.004143e-02 0 0 1 
1.278000e-02 8.520000e-03 5.172857e-03 1 0 0 
1.278000e-02 8.520000e-03 5.172857e-03 0 1 0 
1.278000e-02 8.520000e-03 5.172857e-03 0 0 1 
5.680000e-03 1.278000e-02 1.338857e-02 1 0 0 
5.680000e-03 1.278000e-02 1.338857e-02 0 1 0 
5.680000e-03 1.278000e-02 1.338857e-02 0 0 1 
-7.100000e-03 4.260000e-03 1.744571e-02 1 0 0 
-7.100000e-03 4.260000e-03 1.744571e-02 0 1 0 
-7.100000e-03 4.260000e-03 1.744571e-02 0 0 1 
-1.775000e-02 3.550000e-03 2.343000e-02 1 0 0 
-1.775000e-02 3.550000e-03 2.343000e-02 0 1 0 
-1.775000e-02 3.550000e-03 2.343000e-02 0 0 1 
-1.065000e-02 1.349000e-02 1.460571e-02 1 0 0 
-1.065000e-02 1.349000e-02 1.460571e-02 0 1 0 
-1.065000e-02 1.349000e-02 1.460571e-02 0 0 1 
-2.130000e-02 2.130000e-03 4.665714e-03 1 0 0 
-2.130000e-02 2.130000e-03 4.665714e-03 0 1 0 
-2.130000e-02 2.130000e-03 4.665714e-03 0 0 1 
-1.952500e-02 2.201000e-02 8.520000e-03 1 0 0 
-1.952500e-02 2.201000e-02 8.520000e-03 0 1 0 
-1.952500e-02 2.201000e-02 8.520000e-03 0 0 1 
8.520000e-03 7.100000e-03 1.754714e-02 1 0 0 
8.520000e-03 7.100000e-03 1.754714e-02 0 1 0 
8.520000e-03 7.100000e-03 1.754714e-02 0 0 1 
-1.242500e-02 1.136000e-02 1.521429e-02 1 0 0 
-1.242500e-02 1.136000e-02 1.521429e-02 0 1 0 
-1.242500e-02 1.136000e-02 1.521429e-02 0 0 1 
2.272000e-02 1.846000e-02 1.024429e-02 1 0 0 
2.272000e-02 1.846000e-02 1.024429e-02 0 1 0 
2.272000e-02 1.846000e-02 1.024429e-02 0 0 1 
-5.325000e-03 2.130000e-02 1.257714e-02 1 0 0 
-5.325000e-03 2.130000e-02 1.257714e-02 0 1 0 
-5.325000e-03 2.130000e-02 1.257714e-02 0 0 1 
7.100000e-03 1.207000e-02 2.241571e-02 1 0 0 
7.100000e-03 1.207000e-02 2.241571e-02 0 1 0 
7.100000e-03 1.207000e-02 2.241571e-02 0 0 1 
2.840000e-03 1.633000e-02 1.217143e-03 1 0 0 
2.840000e-03 1.633000e-02 1.217143e-03 0 1 0 
2.840000e-03 1.633000e-02 1.217143e-03 0 0 1 
1.704000e-02 5.680000e-03 1.318571e-02 1 0 0 
1.704000e-02 5.680000e-03 1.318571e-02 0 1 0 
1.704000e-02 5.680000e-03 1.318571e-02 0 0 1 
1.846000e-02 1.562000e-02 1.014286e-03 1 0 0 
1.846000e-02 1.562000e-02 1.014286e-03 0 1 0 
1.846000e-02 1.562000e-02 1.014286e-03 0 0 1 
2.130000e-02 0 8.925714e-03 1 0 0 
2.130000e-02 0 8.925714e-03 0 1 0 
2.130000e-02 0 8.925714e-03 0 0 1 
0 1.704000e-02 6.491429e-03 1 0 0 
0 1.704000e-02 6.491429e-03 0 1 0 
0 1.704000e-02 6.491429e-03 0 0 1 
-3.550000e-03 1.491000e-02 1.876429e-02 1 0 0 
-3.550000e-03 1.491000e-02 1.876429e-02 0 1 0 
-3.550000e-03 1.491000e-02 1.876429e-02 0 0 1 
1.420000e-02 1.420000e-03 3.042857e-04 1 0 0 
1.420000e-02 1.420000e-03 3.042857e-04 0 1 0 
1.420000e-02 1.420000e-03 3.042857e-04 0 0 1 
9.940000e-03 2.272000e-02 1.633000e-02 1 0 0 
9.940000e-03 2.272000e-02 1.633000e-02 0 1 0 
9.940000e-03 2.272000e-02 1.633000e-02 0 0 1 
