0 -52.5894 -36.221 -5.29535 -66.311 -47.4386 11.6799 -78.4518 24.4361 55.6866 -58.616 15.8605 -44.4571 -74.6563 -199.596 25.6121 52.2245 -43.1127 36.7581 35.4657 -21.9636 -138.53 64.7403 41.232 -76.4033 27.1532 -98.9329 40.7924 5.7448 63.8504 -38.6295 -175.672 -67.3805 -161.93 -59.3661 -15.2428 -125.787 -14.7241 -133.559 4.86881 -23.0046 63.6212 -175.2 -151.208 35.2076 -133.54 -32.0551 46.0215 -122.103 -64.4578 32.0034 -109.557 -165.425 25.5919 -31.2968 14.9314 -9.45064 -142.32 2.6359 -88.6933 1.06486 -188.007 -43.0008 -91.8089 
0 -31.4901 -140.429 -132.15 -6.20962 -140.836 54.6303 -112.466 54.7968 -39.6831 -112.511 -118.384 -14.529 -35.9626 11.4654 82.7206 -56.1399 -27.1221 -96.1219 -57.1905 -50.6503 -111.194 2.43263 -87.3323 102.411 74.8269 65.6727 -64.6657 42.3863 8.65952 29.7598 45.7868 110.736 -105.817 -32.8766 77.5605 30.5287 -110.235 -40.31 -75.5179 10.3089 -3.63334 -60.5896 -85.3532 72.2065 -63.1182 -141.646 -83.7111 -129.17 -109.645 -101.555 -87.8446 -86.1182 -24.8641 -55.7674 -101.345 -98.7398 -52.5516 -71.9897 -77.5339 -127.494 -62.1305 -93.9201 -120.648 
0 -13.0421 89.6563 107.47 -12.463 152.783 33.3516 198.887 47.163 165.823 22.4927 109.365 -13.3367 -10.0781 165.58 140.639 76.5974 -13.1318 105.042 39.8446 -6.69162 70.3834 120.44 93.8267 188.324 161.548 218.082 55.2595 19.5031 115.795 -4.03292 186.193 173.929 112.494 -12.5133 204.516 10.8594 33.334 14.5474 16.6184 234.276 100.132 61.4336 188.581 141.218 22.078 103.811 118.055 92.6153 202.945 139.333 20.4532 72.3712 17.2071 -7.61418 54.3839 201.688 23.9962 12.8513 5.32758 98.8664 86.9715 7.25015 42.9036 
0 -54.4191 -39.5682 3.31997 -63.7359 -52.4982 -1.19074 -77.0796 10.2985 62.4594 -69.3563 36.9791 -45.6415 -73.7563 -133.512 -8.4953 88.6464 -45.0694 70.3591 66.2025 -22.3293 -124.363 70.8341 78.1905 -85.5064 -8.40244 -96.1248 76.2879 -3.18411 67.6468 -40.3969 -124.565 -80.4169 -130.213 -60.6299 -49.5415 -98.1088 -8.10886 -112.957 20.3754 -50.0796 77.076 -134.873 -116.98 3.4342 -117.194 -34.5685 79.2051 -114.336 -67.3926 53.612 -107.793 -133.641 39.7113 -33.907 41.9595 -19.6836 -119.748 15.9796 -91.6117 14.9319 -138.661 -50.1131 -99.077 
0 -41.4205 -180.476 -189.856 -24.8585 -147.893 35.0898 -94.1662 40.2966 -33.6728 -129.988 -180.392 -25.9951 -48.0217 -28.2062 39.2273 -55.072 -35.9085 -143.858 -56.615 -55.2759 -100.108 21.3748 -126.103 15.1266 34.2382 -0.827389 -72.3711 27.786 26.7374 4.59996 -14.6535 19.8878 -87.7505 -43.6196 18.0159 -15.4903 -150.031 -54.2017 -89.5325 -13.1986 20.5952 -63.8168 -68.3446 39.3526 -68.7343 -181.785 -113.739 -116.637 -93.7063 -138.341 -89.814 -78.6386 -11.4867 -62.3845 -150.196 -94.8755 -61.6359 -83.0809 -83.8086 -190.941 -62.8034 -110.208 -124.79 
0 -7.14233 87.7587 117.804 5.43632 159.187 41.0581 179.275 50.0414 174.58 3.49885 123.405 -3.56585 -0.0304599 123.126 116.265 64.9467 -8.53908 116.344 9.39037 -21.1441 64.078 116.235 96.039 132.957 130.562 150.218 30.3356 28.6961 110.165 16.2266 131.883 125.919 97.4069 -5.17396 149.795 37.8035 0.282375 28.5611 -20.0245 181.173 94.8881 62.1658 150.134 118.686 30.1178 108.143 135.644 83.5506 186.154 166.663 20.4539 67.7614 -2.77747 -20.2836 27.1233 203.417 34.3371 -22.1202 4.57854 105.142 79.3415 -15.302 33.5219 
0 -45.1844 -31.2888 9.42348 -56.1224 -53.6634 2.66905 -86.5375 14.4199 85.1029 -49.5812 43.119 -38.8824 -62.9742 -136.971 9.05418 87.1887 -37.2533 76.6534 58.5362 -15.3447 -119.537 81.9436 81.9427 -70.088 11.5142 -85.6545 70.5805 -0.769508 77.7519 -35.6804 -122.676 -64.1649 -136.193 -50.772 -29.3595 -91.9155 1.13772 -104.587 20.3436 -33.6318 82.4412 -133.178 -132.119 20.9317 -107.622 -28.1237 89.3611 -112.61 -73.7532 66.7871 -93.4796 -132.384 33.6072 -24.2396 41.5596 -9.47732 -111.801 16.6072 -75.8814 20.4489 -141.089 -33.2449 -83.0466 
0 -24.3117 -153.346 -152.513 -7.85105 -161.266 40.3023 -103.429 44.7275 -10.802 -95.4976 -133.899 -12.8084 -27.0602 19.6363 84.7363 -38.8785 -21.268 -98.5704 -42.2909 -38.5796 -86.4396 30.9101 -83.042 92.8655 87.3562 78.9201 -50.0494 30.09 35.1499 15.6158 47.0673 93.8745 -79.8863 -25.214 96.0822 13.44 -100.773 -27.651 -61.5964 57.8477 20.9377 -38.6637 -57.047 80.8743 -43.2152 -160.271 -81.0439 -112.716 -102.098 -112.76 -64.7443 -59.6102 -14.6837 -42.5553 -95.9967 -96.3664 -35.2461 -57.8839 -57.3952 -143.848 -38.874 -76.2829 -102.07 
0 -20.5631 76.0372 101.587 -9.72448 162.03 34.6038 196.372 42.7267 140.594 -16.3096 101.321 -14.2354 -18.7127 122.753 99.766 54.0414 -19.2175 90.4658 17.6531 -25.0024 46.6311 90.8083 74.8479 126.066 113.035 149.714 31.7736 23.9349 86.6314 6.79671 131.98 117.284 92.5568 -20.346 139.397 18.0967 -3.99775 3.41658 -12.2609 178.343 74.7572 41.8031 165.551 100.654 4.02153 97.3855 103.957 74.2036 201.387 136.134 -5.8149 50.0756 5.63821 -27.9235 25.6499 201.493 8.72461 -14.9811 -19.7196 88.1813 64.8962 -29.2246 11.0629 
0 -46.9475 -34.4832 9.12287 -56.2984 -51.5099 -2.21579 -69.6556 11.0747 79.8277 -52.5709 54.9427 -41.3694 -61.3949 -96.5361 -4.07871 141.832 -39.634 111.113 97.3789 -16.1378 -92.3368 93.5085 126.918 -63.752 -3.78631 -71.4658 118.221 -5.06197 88.3421 -39.6801 -90.3085 -60.496 -97.2861 -51.7457 -37.8266 -79.2891 2.15344 -86.2522 33.0834 -41.4546 106.101 -97.8702 -91.6619 7.34442 -87.8741 -31.4935 124.014 -88.1685 -62.9422 74.313 -81.1399 -97.4227 50.8863 -26.4054 64.5089 -23.4055 -89.6437 27.4536 -70.8662 24.8365 -100.217 -37.3322 -75.1655 
0 -49.2043 -166.075 -181.381 -33.0606 -142.388 47.7392 -100.835 58.6935 -38.7651 -126.801 -185.24 -33.3146 -55.865 -42.2072 52.2121 -69.9104 -43.5079 -166.867 -71.0231 -63.5574 -100.812 44.6208 -152.853 7.17298 45.1321 -12.2844 -92.0242 36.7492 52.6965 0.929057 -28.9328 13.4708 -92.0269 -51.4417 16.0209 -25.8648 -151.384 -62.2792 -102.715 -21.5533 46.0968 -71.4809 -78.3154 55.2579 -74.8219 -167.487 -138.391 -113.997 -100.977 -154.969 -92.312 -83.828 -11.4992 -70.107 -163.776 -104.56 -68.8751 -95.6168 -87.6015 -185.767 -71.2085 -112.525 -120.383 
0 2.41428 95.3802 123.704 14.9612 156.49 47.2115 173.981 57.5651 203.145 22.5702 133.184 3.63656 12.6019 124.963 132.672 73.0702 -0.866628 131.785 2.49 -16.7233 77.3668 141.378 109.745 139.149 148.176 153.376 28.5839 33.0612 133.776 22.234 133.341 133.06 104.082 5.45533 160.843 48.2118 11.2252 43.4091 -22.4185 188.128 114.886 74.3922 147.439 136.912 46.3119 112.917 156.628 93.208 181.112 182.617 38.8117 79.7792 -9.62888 -12.7747 31.6156 204.64 49.6105 -24.3524 22.4207 112.862 88.7537 0.0998046 51.6153 
0 -62.8022 -44.7607 -15.8421 -77.4743 -53.3622 4.86245 -73.7045 12.6738 19.2836 -72.1511 1.45385 -49.9872 -94.7662 -177.764 -1.98197 32.5196 -49.677 17.4 26.8129 -24.7562 -172.891 29.8235 22.1828 -71.0393 -3.03309 -83.6322 28.327 2.34088 29.774 -39.0582 -145.265 -65.5481 -183.044 -72.3899 -32.1084 -145.607 -19.0433 -182.124 2.75328 -35.1441 33.2564 -224.893 -135.018 4.54525 -183.567 -40.6118 21.6962 -143.388 -62.4566 9.80299 -147.832 -208.051 21.7534 -36.4278 7.30956 -23.157 -195.153 0.891597 -118.703 -9.72649 -225.505 -52.0037 -115.704 
0 -29.2341 -141.655 -123.458 8.1077 -129.659 48.1168 -104.649 41.4842 -47.8988 -132.375 -108.516 -7.71773 -33.0872 11.9693 42.6334 -59.0796 -24.5927 -89.3845 -61.4294 -56.0836 -136.693 -17.6239 -83.1454 63.2042 31.5357 27.983 -67.1157 40.6419 -12.8035 45.6771 34.5552 73.8697 -122.428 -30.3707 28.9365 73.9329 -118.304 -34.2129 -81.9458 -20.3745 -20.3917 -66.4127 -88.8049 32.8949 -71.4734 -138.229 -78.5577 -149.983 -100.673 -90.814 -108.874 -103.903 -30.9045 -62.2232 -101.739 -88.0734 -53.883 -78.7227 -93.3006 -119.979 -68.2412 -108.943 -146.74 
0 -29.7568 85.7513 106.316 -24.2569 155.992 37.3612 196.027 48.2093 141.709 0.492173 106.625 -24.1106 -32.0319 174.262 116.098 71.0522 -26.7598 99.4315 38.0033 -18.7497 57.9845 101.988 88.2527 160.158 130.142 185.459 52.4116 24.2778 98.222 -2.05496 181.138 149.32 116.848 -30.9503 163.123 12.2774 23.3003 -8.57572 10.3893 192.782 87.0524 55.7119 190.836 115.837 -4.38858 102.495 109.302 86.7176 197.63 131.824 -9.78167 65.8753 17.1763 -22.969 50.14 189.024 0.887417 6.18545 -25.3278 96.8272 92.3646 -12.9716 20.3155 
0 -49.7748 -35.4219 7.23582 -59.9007 -51.7735 -1.76151 -71.2595 11.6013 75.2718 -56.3761 48.1836 -43.4503 -66.0485 -108.035 -2.2921 121.544 -41.7206 94.9312 88.1021 -16.9655 -102.444 88.0181 107.57 -68.9215 -1.50746 -77.4301 103.715 -4.7311 83.7611 -41.202 -100.549 -65.1908 -107.748 -55.1208 -38.2447 -86.849 1.54693 -95.6672 31.9033 -40.7936 97.6842 -110.103 -99.1987 9.61289 -97.7644 -32.1352 105.77 -96.2776 -63.4516 65.9823 -89.6065 -109.151 48.715 -27.8102 58.4881 -20.8718 -99.9386 26.5944 -77.3921 21.6591 -112.761 -39.6216 -82.0498 
0 -47.5597 -171.83 -181.821 -29.6657 -145.443 43.9779 -103.065 51.7785 -42.8328 -133.907 -180.479 -30.7376 -54.3991 -41.7721 43.0562 -69.52 -41.7251 -157.78 -71.8973 -64.1222 -105.46 29.1457 -144.184 5.81284 35.6325 -13.5757 -90.4397 34.7935 36.4268 4.20613 -28.4114 12.0876 -95.3986 -49.8252 10.8391 -21.7794 -156.875 -61.6664 -104.659 -25.7819 30.3189 -72.7218 -80.1548 44.4263 -75.9808 -172.096 -129.926 -119.529 -102.974 -147.82 -95.7878 -86.5646 -15.02 -70.9839 -162.712 -105.114 -69.2902 -97.5773 -90.2033 -185.173 -72.5622 -117.728 -127.2 
0 -0.252713 97.2063 125.537 12.7036 158.315 48.3916 176.214 59.397 194.565 20.2771 133.801 1.40973 9.88589 128.524 132.703 77.5606 -3.31694 131.053 7.40198 -18.8945 77.9545 140.62 110.977 141.23 147.583 155.992 34.0957 33.8569 133.838 21.0959 136.889 134.914 106.331 2.73192 161.208 47.4095 10.7393 42.1004 -22.1895 187.83 116.764 75.1546 151.08 136.654 45.0925 115.015 152.404 94.5597 182.738 177.051 37.0029 80.7438 -6.93409 -15.4145 34.7186 202.22 48.6643 -24.4886 19.7688 114.907 90.4639 -2.84701 50.5833 
0 -50.3665 -36.3196 3.9099 -60.5573 -51.9387 0.802756 -77.9346 14.1315 77.7816 -58.6467 39.6096 -43.3635 -67.664 -131.153 -1.8476 100.976 -42.0854 78.9364 69.082 -19.921 -111.74 88.5295 87.7398 -84.738 -1.16476 -95.9596 81.8548 -2.20987 84.558 -40.0932 -123.742 -79.4672 -121.349 -55.9341 -46.2928 -94.1603 -6.15121 -103.383 19.9545 -48.1645 94.2342 -124.207 -115.41 11.6249 -105.638 -32.4972 92.118 -103.757 -68.6472 60.9397 -94.7925 -122.158 40.8019 -30.1407 41.9517 -19.7498 -108.921 15.8078 -80.531 15.6594 -129.295 -42.5331 -85.6777 
0 -47.3549 -163.994 -173.657 -29.5508 -145.073 47.4495 -103.388 56.466 -41.0117 -128.707 -173.997 -30.8978 -53.8599 -33.255 55.3958 -69.2743 -41.6625 -155.86 -68.5763 -62.5607 -102.661 35.8753 -142.564 18.5168 48.7404 -1.91228 -87.5455 36.7328 43.661 4.7039 -18.2948 24.7357 -92.1408 -49.5381 23.9937 -18.8152 -146.423 -59.4263 -98.5848 -16.887 35.2632 -68.7463 -76.6029 56.7331 -73.6532 -165.211 -131.786 -116.965 -103.789 -149.283 -93.5498 -83.0687 -13.6335 -69.3213 -152.483 -107.466 -66.6973 -92.2048 -88.2926 -175.704 -67.9265 -112.942 -123.728 
0 -3.41997 89.14 114.913 6.7581 158.353 40.8949 181.72 51.242 191.185 14.9337 120.081 -1.71377 4.14284 125.099 125.075 65.2171 -5.36526 114.895 10.5245 -15.1564 69.9883 128.5 94.342 137.418 141.369 155.176 29.9649 27.7346 121.687 14.9912 134.161 130.083 101.122 -1.29208 158.977 37.921 10.0229 32.6522 -12.8355 191.785 103.628 66.3258 152.576 128.791 35.641 107.481 138.557 88.3392 189.137 169.648 28.2833 72.5853 -1.43099 -13.4607 29.2282 209.773 39.0632 -14.8724 12.6455 102.406 82.9235 -3.86894 42.4009 
0 -44.9759 -28.4438 12.0037 -56.5599 -52.2602 3.41171 -87.6852 14.7894 80.5528 -47.5147 42.1733 -38.6927 -63.5965 -140.932 13.3085 79.1996 -36.8741 69.8544 54.7786 -14.1751 -126.157 76.5884 74.3199 -62.6374 16.5229 -79.2734 65.2201 -0.278419 72.9154 -35.2663 -122.372 -56.764 -145.772 -50.7786 -20.7026 -93.9165 3.7149 -108.729 20.8575 -24.561 76.2018 -140.98 -139.98 24.2436 -112.159 -25.1053 80.3055 -118.728 -72.8454 62.4129 -96.196 -140.587 31.979 -22.917 40.4531 -4.00766 -116.794 17.2775 -76.8405 22.0271 -150 -30.8368 -84.2823 
0 -22.9527 -157.494 -153.171 -6.03276 -163.98 37.9909 -101.965 41.2753 -11.4687 -97.4569 -131.75 -11.4326 -25.5017 21.9044 77.8552 -39.1712 -20.0069 -95.1829 -42.2928 -37.9208 -88.4651 24.4247 -80.4577 89.8889 79.9681 77.02 -49.7075 28.687 28.3887 16.5621 48.3925 90.7719 -81.1353 -23.7847 90.3236 16.0975 -101.603 -25.7278 -61.2711 55.6765 15.3454 -37.2458 -55.8296 73.4583 -42.0931 -164.117 -77.5111 -116.781 -99.6939 -107.695 -65.0273 -59.5551 -15.3456 -41.8829 -95.1956 -90.8379 -33.6609 -57.5627 -57.1549 -143.853 -37.5065 -76.8729 -105.13 
0 -17.9019 72.0743 96.2354 -9.1676 157.854 31.6183 201.896 39.7654 144.681 -10.6179 96.9947 -12.8033 -16.2529 121.455 99.1171 52.449 -16.7973 87.8465 17.7813 -20.8182 45.9523 90.2428 72.6664 126.916 114.193 154.589 31.0956 21.4901 85.7952 5.18296 131.91 116.831 90.1592 -17.7087 144.404 15.3166 0.00690686 3.61464 -8.60493 191.818 73.3344 40.072 168.025 100.395 4.97378 91.9314 102.212 72.0429 208.528 134.437 -2.82488 48.6379 5.97779 -23.2163 26.0062 211.181 8.88004 -11.126 -15.5216 83.6623 62.4184 -22.6492 13.6846 
0 -37.523 -16.6776 25.3287 -46.6258 -38.3292 5.85015 -91.6124 14.5042 73.0701 -42.3399 47.574 -31.3766 -54.7652 -164.032 20.3559 57.3776 -30.3605 61.1556 38.8519 -12.3584 -146.115 59.078 60.2528 -43.3359 24.3873 -64.77 47.0637 2.12519 56.1489 -26.3964 -128.963 -36.852 -190.704 -42.757 -1.57676 -81.6748 4.74577 -103.865 15.0373 -0.683431 56.4279 -156.294 -193.622 27.9252 -110.954 -10.876 68.421 -142.531 -64.8463 65.6765 -94.1077 -163.841 22.4357 -19.5289 33.8531 26.3772 -115.708 12.1537 -70.7506 31.2607 -177.475 -26.6041 -84.3903 
0 -18.9142 -154.644 -139.54 -0.635702 -171.697 34.1843 -111.175 34.7079 -17.7069 -97.328 -115.012 -7.49082 -20.8752 55.9471 64.9818 -40.7958 -16.3273 -82.6998 -42.6069 -35.3388 -101.413 8.15135 -71.9081 100.039 65.208 97.2063 -49.038 26.5052 11.7957 20.2381 84.173 98.2254 -97.3342 -19.5279 84.4067 26.5717 -96.2148 -20.3776 -58.3694 55.3807 1.42972 -34.8532 -48.5255 58.2459 -39.9273 -160.041 -67.5135 -138.302 -104.559 -90.3674 -66.1492 -64.9162 -17.5595 -38.968 -87.3887 -82.98 -29.863 -54.9394 -55.654 -129.593 -34.6987 -74.4742 -111.819 
0 -22.3859 61.5257 82.696 -17.73 153.822 26.7891 234.953 35.2252 125.234 -12.644 83.2148 -17.3684 -24.344 132.033 89.5426 52.0365 -20.0517 76.8787 23.345 -18.2483 31.6456 82.0398 66.0026 123.986 104.215 163.754 34.7215 17.6053 78.4068 -1.96183 143.57 110.965 85.0534 -23.2805 138.808 -1.56535 3.29665 -13.716 -1.68849 195.242 68.3261 21.6166 209.313 90.819 -11.9714 79.6759 88.2035 61.9135 236.173 113.726 -15.455 32.5518 10.4623 -21.6604 27.8762 205.8 -9.29324 -4.31687 -24.2501 72.0151 48.2072 -20.895 3.9916 
0 -51.7748 -35.0347 -1.98162 -64.5953 -48.0128 9.18944 -79.7798 22.2228 63.1884 -57.6195 21.9372 -44.0016 -72.616 -181.685 19.3527 62.6666 -42.6355 46.2141 42.574 -21.1245 -132.88 71.5671 51.4624 -80.4179 20.8819 -100.415 49.5621 3.92172 69.9043 -38.8239 -162.644 -72.222 -153.71 -58.2368 -23.9536 -116.414 -11.6917 -125.48 8.59311 -29.1474 71.1773 -162.15 -145.748 30.3998 -126.432 -30.9302 56.3898 -118.821 -66.2509 39.3875 -105.894 -155.269 28.7657 -30.5674 21.3898 -9.92628 -133.596 5.93588 -86.3903 5.3963 -173.205 -41.9332 -90.1189 
0 -31.4347 -149.889 -141.522 -7.60502 -147.591 48.3703 -111.964 48.5342 -39.5621 -117.485 -126.253 -14.8005 -36.1014 8.53461 71.6289 -57.5868 -26.9875 -101.334 -58.0557 -50.8454 -110.894 0.772733 -91.6602 88.1234 65.6772 60.5422 -66.4282 38.0188 6.5933 25.7331 39.9002 93.7494 -104.223 -32.8888 70.0159 21.8934 -117.152 -41.0205 -77.9065 13.5126 -4.96954 -59.9241 -81.5707 63.0006 -62.6817 -151.205 -87.3323 -130.846 -109.139 -106.435 -87.9012 -84.6051 -24.0331 -56.2314 -107.431 -99.0602 -52.5685 -73.9637 -77.8921 -136.625 -61.1164 -97.5284 -123.935 
0 -12.0225 88.3948 107.017 -9.91899 153.589 33.3983 199.668 46.4126 166.521 20.1172 108.98 -11.8321 -8.67517 158.526 136.484 74.5802 -12.2398 104.302 37.0653 -7.7851 68.5149 118.962 92.5433 179.637 157.163 209.403 52.6727 19.9858 114.13 -1.38721 177.382 165.864 109.871 -11.3518 198.153 14.7034 30.3831 15.9432 13.7303 231.694 98.4419 60.3513 185.744 137.499 22.4235 103.091 117.779 90.7034 204.257 140.217 19.7805 70.589 15.2206 -8.57697 51.7624 204.403 24.669 10.087 4.9491 98.0371 84.676 5.02302 40.9536 
0 -62.1973 -40.6632 -8.53 -75.9456 -50.8113 2.223 -72.1213 9.68185 20.7394 -70.5667 9.60084 -49.4907 -94.0536 -157.813 -5.20986 38.1141 -49.0401 25.1156 33.1342 -21.822 -176.57 29.4849 29.8496 -66.2892 -6.12239 -77.9688 35.2378 0.283205 29.0672 -38.7762 -128.884 -61.4042 -181.322 -71.8068 -33.099 -132.995 -10.115 -175.788 10.3048 -35.651 33.6782 -214.256 -130.109 1.1603 -181.183 -36.1937 27.9933 -148.098 -60.8121 15.9005 -151.11 -204.173 24.4247 -33.8037 17.155 -20.9558 -189.324 7.91204 -120.648 -1.55948 -212.833 -48.111 -120.397 
0 -19.8231 -168.602 -142.758 7.67344 -145.133 29.8312 -92.2047 25.8109 -43.5229 -138.137 -120.58 -3.51218 -22.7009 19.43 29.705 -56.122 -16.3564 -93.6447 -56.4455 -45.3629 -132.215 -16.4853 -84.9841 46.3714 23.933 29.584 -63.6598 25.6875 -12.4848 29.7924 32.9361 50.6101 -103.554 -20.6334 26.6705 43.5367 -123.063 -23.4165 -75.9108 -6.32299 -19.2319 -46.029 -58.795 23.3495 -56.5568 -164.651 -80.1487 -157.105 -89.6605 -96.2514 -99.8935 -84.5386 -25.8508 -50.7015 -105.043 -83.3011 -39.5382 -71.8111 -81.6871 -136.734 -44.8556 -104.226 -159.186 
0 -41.2667 82.577 100.824 -33.6262 152.434 40.3322 191.244 50.7149 131.518 -8.64519 100.197 -31.6889 -47.7512 168.158 111.051 67.8983 -35.9445 93.1952 36.534 -25.9959 60.3619 97.2072 82.9533 149.184 122.958 172.623 50.1199 27.1059 94.0651 -2.67654 170.895 139.636 125.648 -43.8415 151.62 6.60045 18.2969 -23.8686 6.78424 178.719 83.8996 55.6269 191.868 110.68 -18.5505 98.9879 102.276 91.6493 191.015 123.094 -24.1547 69.1084 17.3556 -32.3362 46.2949 177.661 -12.0485 2.38626 -43.2965 91.3732 96.8393 -23.3084 14.5775 
0 -54.9665 -39.0913 -9.96414 -70.1183 -48.6621 13.3608 -77.6867 25.9382 46.5645 -61.4675 9.31762 -46.3108 -78.7592 -209.302 27.9524 44.1829 -44.8843 28.266 30.4104 -23.3587 -143.531 57.7844 32.6192 -72.9842 28.8277 -96.1996 34.2962 6.96996 57.6115 -40.0864 -181.198 -63.8172 -166.585 -62.232 -11.4178 -138.478 -18.4137 -143.682 1.71407 -21.835 56.8781 -187.128 -151.418 36.2761 -142.217 -34.9347 36.6023 -124.646 -64.1536 23.8942 -114.953 -173.924 23.7021 -32.9338 9.28225 -12.6764 -152.565 -0.193223 -93.0326 -4.1831 -199.63 -45.5394 -95.0362 
0 -32.1959 -137.403 -128.189 -4.41623 -136.142 57.6563 -111.376 56.8716 -41.7489 -114.527 -115.166 -14.1762 -36.5822 7.36717 81.7083 -57.0406 -27.7278 -94.5434 -58.6248 -52.5997 -114.077 0.170536 -86.5038 99.3903 71.8806 57.5118 -65.613 45.0225 6.49775 33.9222 40.7961 110.087 -108.229 -33.5493 71.055 38.7086 -110.606 -40.5023 -77.1751 1.89362 -5.49605 -62.752 -88.1956 70.5055 -65.2288 -137.783 -82.8008 -130.268 -108.508 -99.1567 -91.1056 -89.2167 -26.4897 -57.8318 -100.889 -97.4733 -53.8308 -73.7956 -80.4323 -124.06 -64.7228 -96.226 -122.969 
0 -14.7653 94.7176 112.191 -14.8239 155.941 38.4037 195.166 53.9151 168.507 25.3505 114.051 -15.4402 -11.239 170.339 151.853 82.0124 -14.9461 109.973 43.4103 -7.39082 78.7004 127.769 98.9373 196.644 170.841 217.874 59.6544 22.4632 123.51 -5.44754 189.874 184.76 121.163 -14.1262 208.496 9.92798 36.0354 17.1604 18.1868 227 107.454 69.6306 186.695 151.629 26.3474 108.849 122.893 100.522 198.489 143.046 24.5915 81.3038 19.2378 -8.34016 58.23 198.059 28.2699 14.1121 7.24029 103.607 96.2886 8.43822 48.2965 
0 -47.4417 -35.7151 6.96042 -57.1383 -53.6572 0.362796 -78.7341 13.219 83.5028 -55.2871 47.0664 -41.0068 -63.6564 -122.469 -0.576094 108.565 -39.6568 90.8641 73.2189 -17.9032 -106.632 89.8452 99.5254 -77.9331 0.268882 -89.249 88.2626 -2.61005 85.2212 -38.2159 -115.072 -72.9157 -116.205 -52.6761 -42.4212 -87.7185 -2.3791 -96.6986 23.1375 -45.8966 95.4841 -116.386 -111.927 12.2907 -99.0906 -32.3509 104.666 -100.656 -69.7712 70.3826 -89.4358 -115.36 41.0724 -27.7195 48.657 -20.0483 -101.95 18.6589 -75.8218 20.2895 -121.43 -39.2495 -82.0147 
0 -43.1736 -167.942 -180.802 -27.0551 -145.347 43.2926 -97.9944 51.9416 -29.5978 -122.423 -178.535 -28.1615 -49.2486 -30.1036 55.6041 -60.1542 -37.9161 -152.009 -61.6392 -56.9555 -96.6983 40.0377 -135.751 19.7651 50.6767 1.15136 -79.2972 33.2053 46.537 3.97925 -15.7434 25.3437 -86.9073 -45.2127 27.3483 -17.3139 -143.064 -54.5154 -91.6898 -9.64303 37.686 -63.5051 -71.3933 57.4462 -67.8016 -170.297 -123.718 -112.213 -98.0333 -145.782 -86.7614 -77.3455 -11.5649 -63.3489 -149.986 -100.36 -61.3025 -85.2952 -81.5738 -182.575 -62.9537 -105.92 -117.71 
0 -4.80133 83.1401 108.533 4.62455 157.618 37.5677 181.228 47.1658 189.874 10.2477 112.884 -2.76136 1.64152 117.095 117.033 56.106 -6.27618 106.765 6.13688 -15.2734 64.2841 120.811 84.5218 128.655 133.266 147.138 22.438 25.4749 113.875 13.04 125.781 121.293 95.4169 -3.0188 151.06 32.7889 4.1648 27.4729 -14.5145 187.182 95.8271 59.6439 148.122 120.78 30.266 102.273 133.278 83.3455 189.398 168.927 23.3658 66.2391 -1.59179 -14.1259 20.177 212.886 33.4568 -15.9616 8.72476 94.4889 75.9812 -6.95905 37.1478 
0 -51.3255 -34.491 -1.39105 -64.0442 -47.367 9.2614 -79.7813 21.8051 61.6078 -57.4335 21.8803 -43.4559 -72.3707 -184.844 20.0582 59.9756 -42.1618 44.8804 40.8777 -20.8867 -135.472 68.6037 49.6608 -77.3168 21.7601 -98.169 47.5476 4.06596 67.0074 -37.9872 -163.69 -69.0156 -157.636 -57.828 -21.0718 -116.395 -11.5473 -126.685 8.19717 -26.5457 68.0246 -165.542 -148.905 30.5087 -127.944 -30.2636 54.6066 -120.996 -65.6919 38.9709 -106.836 -158.751 27.7152 -30.2449 20.7149 -8.3384 -135.293 5.61082 -86.6534 5.72506 -177.405 -41.6174 -90.7773 
0 -30.3321 -152.015 -142.919 -6.92248 -150.028 45.4244 -111.929 45.2969 -38.0654 -117.515 -126.626 -14.0532 -34.807 11.6477 67.5448 -56.5923 -26.0055 -100.657 -57.0057 -49.7809 -110.882 0.0178052 -90.7755 86.9434 62.5704 62.912 -65.3639 35.9225 5.48901 24.8745 42.9521 91.3259 -104.438 -31.7272 69.306 21.7219 -117.257 -39.3884 -76.9923 17.0841 -5.62182 -58.2974 -80.3732 59.3433 -61.043 -153.49 -86.3001 -132.189 -108.69 -105.79 -86.7228 -83.6256 -23.4648 -55.1314 -107.082 -97.5659 -50.8646 -73.0122 -76.597 -137.657 -59.5998 -96.9562 -124.241 
0 -13.186 86.3238 105.154 -10.8049 153.206 32.676 200.437 45.223 162.999 16.8887 106.924 -12.4797 -10.3753 157.084 132.069 72.552 -13.1304 101.989 35.8299 -8.92729 65.6118 115.524 90.2546 175.32 152.359 206.258 51.0653 19.7136 110.768 -1.49201 175.421 161.398 108.229 -12.6775 193.325 13.0808 27.7924 13.0856 12.2141 228.759 95.5954 57.2631 186.52 133.114 19.1862 101.352 115.253 88.5833 204.832 138.018 16.3872 67.6777 14.8051 -10.0102 49.6272 203.59 21.509 8.65296 1.96651 95.9922 82.0727 2.33119 37.6109 
0 -57.527 -32.0377 -1.4242 -70.0091 -43.2225 -6.01454 -59.2853 13.9179 69.1882 -52.7016 31.0797 -52.8294 -71.7085 -94.6291 -22.3331 159.612 -49.9188 81.8155 110.474 -22.8858 -83.3853 121.265 104.523 -80.8544 -21.3315 -79.7825 127.189 -8.20201 118.473 -54.4479 -92.5865 -80.6423 -85.6682 -62.3993 -55.399 -94.6512 -5.95055 -91.7118 27.1247 -49.0451 148.121 -94.6821 -79.9134 -6.09139 -89.5652 -29.2943 97.8076 -76.1617 -54.3978 46.3534 -80.7842 -90.5737 67.8929 -33.903 47.8449 -26.3482 -92.1487 22.0547 -74.3883 9.60627 -94.537 -41.8541 -69.4977 
0 -50.8705 -149.858 -164.584 -34.4933 -134.841 69.1436 -103.361 86.9043 -45.6992 -117.316 -171.804 -34.9899 -57.2322 -46.8762 87.3431 -91.3281 -45.3971 -166.92 -86.4509 -65.3766 -98.3195 75.9666 -160.529 14.4841 74.2777 -13.0961 -109.594 50.8762 89.5542 4.32147 -32.5781 24.096 -92.4266 -52.9916 26.0162 -26.2779 -139.225 -63.7496 -104.109 -26.6026 72.6268 -73.1752 -82.952 92.753 -75.2134 -151.715 -146.856 -109.556 -103.883 -152.524 -89.9228 -84.2867 -18.6697 -70.8416 -157.206 -108.373 -69.9758 -97.4474 -85.6165 -168.749 -73.5503 -106.281 -112.795 
0 29.9432 116.563 135.607 37.7975 159.83 44.9958 180.857 55.667 279.123 67.5578 144.716 24.8406 42.7849 145.544 191.695 79.2243 23.96 149.833 5.32583 14.1689 103.474 225.023 129.532 177.235 215.776 186.591 33.3404 28.0967 210.227 32.8941 157.009 171.942 122.915 33.9966 214.302 71.7158 59.5265 72.898 15.649 230.813 164.61 99.8488 159.759 202.213 77.3138 127.688 183.858 114.855 188.269 197.55 74.0314 104.581 -17.7146 21.6027 65.7736 216.996 79.241 12.7503 59.9837 128.246 111.408 47.1308 87.0153 
0 -52.8605 -35.5892 -3.16461 -66.3218 -49.6221 9.60791 -79.434 24.709 69.1804 -56.314 22.4468 -45.6998 -72.8562 -170.743 19.1934 71.4357 -43.918 50.4728 48.0978 -21.3423 -124.146 82.916 57.1595 -88.581 20.191 -105.355 56.0269 3.7628 81.1595 -41.8111 -157.591 -80.9949 -141.795 -59.1336 -31.2466 -116.257 -10.8357 -120.848 10.4335 -35.5879 82.8978 -151.012 -136.073 32.308 -120.65 -32.0744 62.1535 -111.598 -67.5169 40.9051 -101.538 -144.029 32.347 -30.8925 23.9814 -14.2803 -127.338 7.55392 -84.2179 4.98903 -159.927 -41.3771 -86.3993 
0 -33.2826 -139.408 -133.813 -8.53554 -139.03 60.659 -111.67 62.6697 -40.1599 -111.523 -121.829 -16.2939 -37.8194 0.00427783 93.2258 -58.7444 -28.8686 -100.503 -60.2757 -52.484 -107.5 8.07163 -91.7002 97.7261 83.9893 56.9143 -68.197 46.3471 15.1692 29.1451 32.2086 108.083 -102.374 -34.6927 79.3083 24.8708 -111.906 -42.6092 -78.4749 6.95575 1.11437 -61.9062 -85.304 82.9663 -63.7348 -140.854 -87.675 -124.162 -109.697 -105.52 -86.7412 -84.7289 -25.6967 -57.4307 -105.092 -101.364 -54.0761 -74.7923 -77.4576 -129.803 -63.6645 -94.436 -117.64 
0 -9.28331 94.8982 112.373 -8.37611 154.952 36.3328 197.65 51.1592 176.466 30.0715 114.708 -10.6951 -4.43477 162.862 151.742 81.0404 -10.2528 110.881 41.3145 -4.53076 78.1437 130.138 99.2608 193.353 173.309 218.851 57.931 21.202 125.246 -1.87846 183.041 180.34 116.097 -8.17169 213.579 18.0673 38.3892 23.8159 18.5857 240.018 107.93 69.8264 184.464 152.55 31.8503 108.491 124.9 98.2598 202.49 145.943 29.9867 80.0149 17.0275 -4.52726 58.3291 205.704 33.7387 14.6704 13.6411 103.951 93.0224 13.1619 51.5531 
0 -41.0052 -33.01 10.1547 -50.002 -55.6975 3.36343 -92.6203 15.5165 105.628 -47.8971 50.5428 -35.3741 -55.8637 -134.17 5.68872 97.3416 -34.1783 92.4812 58.6958 -15.8873 -105.968 95.3967 95.7653 -82.637 6.75003 -100.929 73.7439 -0.0781751 89.6944 -32.6095 -126.871 -75.2427 -123.161 -45.7106 -43.9167 -81.2422 -2.5221 -90.0513 16.6127 -52.298 94.8555 -115.67 -131.099 19.3368 -92.7523 -29.86 112.245 -102.777 -81.2342 86.8307 -81.9689 -115.93 32.5979 -23.8998 40.5842 -12.3655 -96.1423 13.0038 -67.3543 22.0263 -124.506 -33.2582 -75.883 
0 -26.4688 -145.25 -152.487 -11.7117 -156.427 44.4414 -104.325 51.6647 -7.21459 -89.4961 -140.325 -15.4524 -29.5958 13.9144 99.9097 -38.4098 -23.3241 -107.821 -42.0501 -38.7971 -81.4672 47.2164 -90.1235 96.9189 104.433 82.1135 -50.896 32.3596 51.9524 12.7505 42.6331 97.9169 -76.7281 -27.5001 108.998 6.60077 -97.8221 -31.2429 -61.2626 66.5294 34.6657 -41.2715 -57.6157 97.8957 -44.7045 -153.206 -90.4716 -104.021 -104.799 -125.798 -62.7356 -59.1011 -12.8534 -42.6318 -97.8632 -106.25 -37.9664 -57.4743 -56.3465 -145.156 -41.4975 -73.0354 -94.4041 
0 -10.1201 70.7593 95.7074 -2.77857 152.261 29.4697 198.331 37.1419 162.87 0.811617 99.1627 -7.10477 -7.07406 117.655 101.933 48.3469 -10.1217 91.2207 12.8239 -14.4676 48.3221 92.6387 73.1845 129.828 119.415 157.903 25.845 19.7523 87.1257 7.24982 129.857 119.362 85.3396 -9.41077 152.296 20.281 5.72802 12.1836 -6.57543 206.272 72.2985 43.6536 158.928 103.603 13.9887 89.0832 109.576 69.6797 208.5 146.358 7.83393 50.7029 2.81444 -15.1938 25.1576 226.76 17.1364 -8.58314 -3.67658 83.6333 62.4987 -11.2519 21.8192 
0 -71.7825 -42.4238 -10.0971 -87.7273 -53.3341 -0.903813 -73.9431 15.0516 44.5492 -70.1363 16.1988 -63.1248 -94.5844 -132.751 -8.29398 86.4972 -60.3782 47.9326 71.5038 -26.621 -123.951 71.4652 59.9493 -84.154 -8.69992 -91.1795 76.1645 -4.15365 70.4373 -58.7675 -122.092 -80.7392 -127.933 -79.3388 -47.8975 -125.754 -12.5743 -132.75 21.6652 -48.6224 82.8062 -143.746 -111.365 4.02336 -131.627 -38.7109 56.404 -109.959 -65.7619 28.1821 -116.491 -137.446 51.3185 -40.7489 31.37 -28.3591 -135.837 17.8047 -103.57 -0.696294 -143.824 -53.9059 -97.692 
0 -56.1207 -176.218 -171.946 -29.5972 -151.109 57.4683 -119.264 58.819 -76.5652 -160.028 -163.784 -32.6629 -65.1966 -58.8245 33.75 -94.3833 -48.4397 -144.922 -96.2796 -80.1163 -129.761 -18.5799 -137.43 -2.59576 18.628 -30.687 -109.17 47.4651 -9.61135 17.7182 -43.8287 7.64363 -118.114 -59.0683 -7.22617 -17.9812 -172.985 -76.1194 -125.798 -52.7634 -18.9145 -92.7899 -101.231 29.3179 -95.5005 -173.008 -127.804 -141.733 -118.594 -139.825 -119.93 -109.362 -35.321 -88.6486 -163.512 -118.073 -86.8831 -119.147 -113.129 -173.235 -93.2333 -144.225 -152.514 
0 0.740377 119.599 138.918 12.834 167.154 63.7402 192.196 80.0558 211.809 51.9151 145.55 -0.638474 14.5988 167.063 178.253 108.989 -3.83628 146.726 45.3832 -10.9919 106.868 171.543 133.819 187.943 193.719 199.995 72.8497 42.4067 165.801 21.9015 178.318 181.688 135.848 4.73388 207.444 61.6233 53.2679 59.4873 13.653 222.955 145.914 103.833 179.309 181.271 66.059 132.026 164.107 121.833 196.911 179.238 59.7754 110.266 9.78124 -6.66244 76.6893 209.144 69.7018 7.72869 37.4485 131.97 121.745 24.0794 80.1446 
0 -45.462 -35.4499 9.93944 -54.4372 -53.9443 -1.59896 -73.7031 10.9364 83.2144 -52.6821 56.806 -39.7133 -60.0409 -102.135 -3.12564 132.59 -38.2195 111.019 89.4298 -16.0641 -95.9106 90.9606 123.729 -66.0087 -2.6234 -75.0389 109.618 -4.29121 85.626 -37.6365 -95.4509 -62.2174 -102.441 -50.2517 -38.2424 -78.8323 1.79136 -86.8855 30.1703 -42.2673 100.883 -101.338 -97.7156 8.35336 -89.0855 -32.4892 124.125 -92.1888 -66.2803 78.375 -82.0516 -101.338 46.4612 -25.9213 62.2116 -22.5582 -90.9927 24.8031 -70.6757 25.901 -104.707 -37.0125 -76.7802 
0 -44.4775 -169.372 -185.122 -29.0573 -143.522 42.9805 -96.6499 52.3562 -29.9193 -122.89 -185.08 -29.5526 -50.7991 -35.3748 52.7523 -60.47 -39.1154 -158.492 -62.7385 -57.8299 -96.6996 42.9675 -141.489 13.1165 47.5074 -5.01767 -81.4059 32.9452 49.5865 2.04544 -21.8992 18.7616 -87.5172 -46.5982 22.1266 -21.2534 -146.868 -56.7598 -94.171 -13.1506 41.8229 -65.8115 -72.6469 55.3492 -69.3587 -171.543 -127.953 -111.356 -96.5705 -149.679 -87.2827 -78.659 -10.5022 -64.2758 -156.528 -99.1788 -63.3103 -87.3842 -82.2989 -188.369 -65.4766 -106.955 -117.222 
0 -0.613572 88.2779 115.97 10.5071 156.112 41.6963 175.135 51.2109 198.649 15.5705 123.559 1.07677 7.68497 118.778 123.456 61.6728 -3.00089 119.857 1.82418 -15.8835 69.867 129.332 96.3375 132.04 139.339 147.84 22.5346 28.8693 121.801 18.1314 127.22 125.514 98.0525 1.8021 154.179 40.8469 5.77392 35.6153 -19.689 185.571 102.742 66.3054 144.821 127.409 38.2652 106.89 146.759 86.9668 183.008 178.986 30.9359 72.0568 -6.73834 -13.3127 23.4032 208.625 41.5098 -21.1556 15.6261 103.259 81.1873 -4.07363 43.6652 
0 -63.931 -32.1115 -3.97629 -80.079 -43.2444 -4.01028 -58.0088 17.9279 63.1827 -53.6354 23.3157 -59.0878 -81.3258 -100.417 -4.86037 131.499 -54.8421 63.7452 108.222 -19.4198 -92.0094 110.691 82.6436 -72.8609 -3.67343 -74.1688 114.42 -8.59563 109.332 -61.4669 -95.0699 -71.912 -93.5997 -69.9022 -40.823 -108.075 1.4577 -105.244 40.5097 -38.2733 131.355 -106.909 -82.9029 10.4805 -102.06 -29.7813 76.2549 -82.1782 -52.1899 36.091 -90.4715 -101.273 72.1497 -32.5398 49.4811 -22.4494 -105.316 35.2318 -82.9409 6.17884 -105.658 -40.1469 -74.7494 
0 -60.2593 -178.027 -176.869 -36.3318 -152.978 57.3164 -121.004 61.0903 -77.3865 -159.071 -170.408 -37.4809 -69.7163 -62.3556 33.2715 -96.1408 -52.3518 -151.811 -99.3628 -81.8716 -127.651 -13.0284 -144.013 -8.06991 18.2724 -34.8163 -113.37 47.0716 -3.42351 11.0428 -48.2776 1.65311 -116.939 -63.3862 -10.083 -27.5383 -177.049 -79.8728 -130.156 -55.1106 -12.1885 -93.724 -102.198 30.1662 -97.0562 -175.344 -133.221 -139.507 -120.704 -145.656 -119.474 -108.651 -33.3764 -90.484 -171.087 -121.45 -89.2493 -122.902 -113.841 -178.935 -93.8947 -144.755 -150.08 
0 10.0826 122.845 142.924 23.6717 168.669 65.5319 190.421 81.8787 225.688 58.2712 150.834 7.71994 25.9238 161.186 182.547 111.528 4.12375 153.393 38.379 -8.60967 110.075 183.668 139.158 183.761 198.54 194.228 69.1439 43.9881 177.051 28.8278 171.538 178.321 135.279 14.8635 207.183 70.365 54.1239 68.939 8.19742 222.799 155.513 107.036 174.588 187.001 74.5668 135.164 173.534 123.668 195.826 188.043 68.4183 112.734 3.14917 -2.05634 75.1223 212.645 77.8304 2.64926 47.5714 135.937 122.291 29.8162 86.0149 
0 -44.9246 -36.3012 11.5935 -53.0647 -53.8837 -2.82929 -70.9756 9.05262 78.7925 -53.8535 62.5508 -39.1489 -58.8121 -92.4489 -5.72039 145.26 -37.8426 122.293 98.3546 -16.056 -91.8375 87.4222 137.618 -60.5405 -5.52868 -68.443 121.953 -5.14494 81.9263 -36.9006 -86.0869 -57.3231 -96.35 -49.5312 -37.0365 -74.3056 1.90351 -82.7499 32.8077 -41.2727 99.793 -94.7838 -90.7428 4.7224 -85.1798 -33.075 133.153 -89.026 -64.3589 81.3646 -79.9236 -95.411 48.7847 -26.1129 69.7375 -24.4507 -86.4669 26.9144 -69.6257 29.0518 -97.224 -38.1551 -76.131 
0 -42.4077 -177.938 -194.651 -27.7479 -144.028 36.4954 -93.174 44.2091 -26.011 -124.679 -191.131 -27.9178 -48.8821 -35.729 42.0596 -54.0994 -37.0521 -155.697 -57.9855 -55.0355 -95.7884 36.387 -136.692 7.56639 37.2287 -8.51153 -75.8737 28.2835 41.7739 1.08531 -23.4623 12.6178 -86.1252 -44.5769 15.0942 -21.2128 -151.847 -55.2367 -91.7107 -15.3804 35.9705 -64.4588 -70.5936 44.2909 -67.7903 -179.756 -120.026 -111.199 -92.6564 -144.498 -86.0995 -77.2741 -8.88756 -61.766 -160.439 -93.4114 -61.7821 -84.5816 -80.9292 -198.581 -64.2133 -107.051 -118.09 
0 0.0152933 90.1622 121.426 13.2307 155.419 44.8598 170.677 54.0415 195.589 13.9296 131.763 2.27558 9.40998 118.129 122.357 65.7463 -2.75801 128.97 -2.11005 -19.6759 71.233 130.113 104.584 130.275 136.795 144.501 22.2872 31.8696 122.718 21.5605 125.897 124.385 98.4118 2.80068 150.107 45.1526 1.26423 38.8261 -27.8999 178.608 105.13 68.6664 141.924 126.026 40.9863 109.345 154.114 87.5555 178.086 183.923 32.5977 73.8344 -10.5524 -16.4382 23.0679 203.035 44.5004 -29.3058 16.5854 109.542 82.8471 -7.66382 44.2765 
0 -67.8231 -41.2393 -7.70502 -82.5543 -52.9168 0.778866 -75.9676 15.4074 47.9267 -68.9724 19.005 -58.9581 -90.4714 -138.725 -5.47569 82.047 -56.7591 49.8839 65.066 -25.8885 -127.422 69.951 60.3872 -84.5835 -5.93634 -93.6975 70.9308 -2.51548 68.5287 -53.6788 -126.978 -80.2819 -133.392 -75.2244 -46.7708 -122.156 -12.5811 -131.938 18.5143 -48.4511 78.7097 -147.807 -117.001 6.55326 -131.946 -37.3102 58.5115 -113.163 -67.032 31.9799 -116.303 -141.935 45.6791 -39.1456 30.2802 -26.3864 -136.376 14.8414 -101.638 1.62557 -149.28 -52.4611 -98.1613 
0 -55.3866 -173.495 -169.875 -29.2257 -149.503 59.7796 -117.608 61.932 -75.0442 -156.525 -162.174 -32.4017 -64.211 -56.0393 39.4323 -92.5546 -47.9044 -143.695 -93.9778 -78.727 -127.624 -15.2533 -136.022 2.00019 24.0157 -26.7969 -106.928 48.7708 -6.01136 18.051 -40.575 12.4426 -116.083 -58.2502 -2.52816 -16.7925 -168.853 -74.7467 -122.76 -49.6654 -15.8039 -90.9493 -99.1098 34.8556 -93.8392 -170.624 -126.889 -139.531 -117.022 -139.066 -117.778 -107.406 -34.2975 -86.981 -160.306 -116.93 -85.319 -116.318 -110.989 -171.036 -91.2547 -140.771 -149.741 
0 0.55174 113.178 132.298 7.69172 163.888 54.2589 193.787 70.5005 208.754 48.5738 138.236 -1.79978 11.3377 167.943 174.29 100.472 -2.98143 138.426 43.0072 -4.10706 99.9095 164.35 125.276 189.951 191.937 205.227 67.3794 34.3411 158.34 14.3615 181.041 182.119 131.339 3.55857 210.602 50.9923 51.6349 51.2306 18.0198 229.121 137.141 96.5506 180.999 177.256 58.253 125.826 156.002 115.73 198.753 172.978 53.3438 103.49 11.2717 -0.983877 72.2521 210.177 61.497 13.1354 33.3818 125.021 115.969 25.4727 73.4862 
0 -50.1711 -33.6098 0.243337 -62.5878 -49.3191 7.99899 -80.6348 22.4249 76.3775 -53.7977 27.461 -43.3397 -69.1201 -164.484 17.1485 76.6334 -41.6758 57.0324 50.959 -19.7821 -121.312 86.2756 63.6533 -86.9696 18.8483 -104.211 60.1415 2.73145 83.7107 -39.611 -152.163 -79.3591 -139.545 -56.1214 -32.0325 -107.743 -7.82135 -114.462 12.6641 -35.2456 85.8108 -144.633 -136.35 30.6029 -115.204 -30.1835 69.4345 -110.305 -68.3367 47.2936 -97.7211 -139.48 32.687 -29.0134 28.2186 -11.9389 -121.136 9.57403 -80.6771 8.93405 -153.953 -38.9274 -84.0334 
0 -31.4672 -147.23 -141.468 -8.92817 -146.957 51.4078 -112.282 53.1452 -36.1091 -112.593 -127.185 -15.5284 -35.971 5.20281 82.5113 -56.8065 -27.1777 -102.196 -57.7253 -49.9181 -105.895 7.58492 -92.1945 93.4157 76.9673 63.233 -66.2492 39.6369 13.7475 24.3955 37.0784 99.6464 -100.283 -32.8763 79.445 18.5589 -114.279 -40.7492 -76.7279 17.9872 0.61873 -58.4788 -81.1535 73.9777 -60.7666 -149.386 -87.7467 -125.481 -110.02 -107.897 -84.1411 -81.334 -23.3814 -54.9705 -106.835 -100.934 -51.4571 -72.7766 -74.9169 -136.58 -59.8327 -93.9072 -118.351 
0 -9.17912 86.3979 104.179 -8.04352 150.222 29.9905 201.284 42.5516 170.119 23.4856 106.222 -9.7346 -5.82827 155.957 134.819 71.9281 -9.64928 101.754 35.6094 -4.9061 66.3466 117.981 89.9202 179.955 157.939 214.552 50.5708 17.5435 112.742 -1.59473 176.474 164.448 105.296 -8.46105 203.681 14.0226 32.2577 16.6311 15.142 244.581 96.2832 57.6064 185.703 136.416 23.1044 100.272 115.851 87.5321 206.945 138.801 21.6871 67.5761 14.4752 -5.2377 50.9048 209.009 24.8284 11.7297 8.10183 95.4769 80.5514 9.02539 42.162 
0 -50.1812 -37.1134 8.69514 -59.5027 -52.6747 -3.35385 -70.2736 8.89544 69.3348 -60.1823 52.226 -43.3511 -66.593 -102.741 -5.47126 124.138 -41.9368 100.324 92.0222 -17.2804 -103.706 80.2293 113.496 -65.3549 -4.89995 -73.1961 108.628 -5.73939 75.9949 -40.5426 -94.9174 -61.9919 -106.916 -55.5907 -37.911 -84.6437 1.21018 -95.4253 33.9911 -40.4348 90.8864 -108.92 -96.0738 5.31198 -98.3279 -33.32 108.443 -97.8368 -62.7619 67.2735 -91.8085 -108.776 49.4248 -28.6416 63.6248 -22.0213 -99.8751 28.2947 -79.6406 24.2606 -110.775 -42.3625 -85.6084 
0 -44.3719 -180.798 -191.897 -27.8127 -145.923 36.1006 -97.2646 42.1534 -37.1025 -133.854 -186.015 -28.4222 -51.3206 -38.6354 34.8731 -60.1059 -38.6013 -152.762 -62.4017 -58.9978 -102.377 23.0508 -136.017 4.04363 28.7832 -12.7079 -79.946 28.7605 28.8928 2.83345 -26.2419 9.4065 -91.5038 -46.6853 8.36444 -20.7852 -159.127 -58.4619 -97.4436 -22.9066 23.8653 -68.9182 -74.9138 35.8681 -72.4908 -181.041 -120.68 -117.604 -96.753 -142.597 -92.6838 -82.7115 -11.7374 -66.2778 -162.237 -97.5296 -65.8399 -90.2572 -87.07 -195.331 -68.6074 -115.481 -126.372 
0 0.34506 98.8182 132.181 16.579 156.876 52.2695 169.644 62.1887 188.519 15.8281 144.018 3.16766 11.7738 125.359 129.859 81.8043 -3.12502 142.458 1.44826 -24.8965 77.8793 137.532 121.824 137.26 142.847 149.743 33.6136 37.8429 130.949 26.3372 132.892 131.926 104.865 3.77796 154.567 52.9229 2.58565 45.3069 -34.6688 177.811 115.37 76.3927 145.585 133.206 47.3015 117.567 160.539 93.6544 175.723 182.164 37.5665 81.1273 -13.1582 -20.6469 34.2416 194.74 51.2796 -36.9061 19.5947 122.754 90.5798 -9.87996 49.479 
0 -43.7012 -29.5533 3.01535 -54.9567 -49.1064 3.67167 -79.6475 20.4334 116.534 -43.5092 35.8038 -39.0651 -58.2828 -133.657 6.3718 108.492 -36.9344 78.495 64.856 -16.4087 -94.7648 133.75 88.2295 -101.299 7.96707 -111.665 79.2676 -0.682984 127.593 -38.9558 -131.978 -95.4865 -109.249 -48.3817 -57.0121 -89.234 -2.66379 -90.2758 17.2844 -56.5603 129.629 -110.421 -115.082 27.0895 -90.0953 -27.549 100.591 -88.6642 -71.2365 63.8069 -77.3182 -107.049 38.8578 -24.4892 36.451 -21.1847 -94.3962 13.7905 -65.1569 13.3643 -117.461 -31.4364 -67.4389 
0 -38.7146 -135.465 -145.715 -21.3146 -134.459 71.8854 -104.418 85.7359 -31.4068 -100.198 -145.187 -24.4131 -43.3646 -23.3908 133.032 -67.2746 -34.419 -130.223 -65.8303 -53.3945 -87.8824 62.7931 -118.365 67.261 125.695 29.4511 -78.8344 51.6627 73.7731 15.0677 -1.77143 78.59 -83.7706 -40.2343 82.8328 -5.73672 -112.893 -47.8422 -82.1007 5.31657 44.3718 -58.5541 -75.5893 133.948 -60.4416 -139.421 -116.937 -101.823 -105.73 -136.395 -75.9115 -72.0566 -21.2438 -57.6874 -119.239 -111.678 -54.5981 -77.5351 -70.9201 -144.517 -59.4498 -88.3549 -99.8057 
0 7.16449 99.6426 117.606 11.4702 153.807 33.1378 188.125 45.0721 225.145 43.9807 121.904 4.10772 15.8231 145.076 158.707 75.1127 3.95649 118.502 29.9589 2.83754 85.7186 149.501 102.468 176.03 187.917 196.129 48.2956 19.7691 140.922 11.3003 159.77 165.882 113.243 9.64349 214.577 42.5052 44.0847 45.5134 16.6503 246.696 113.382 80.786 165.591 164.501 51.2659 112.193 138.675 100.815 196.048 164.391 48.0451 87.4855 6.78073 5.80757 57.2211 218.684 53.4239 13.3364 32.8974 109.109 97.0779 25.9029 64.3813 
