3.059313e-02 -1.519422e-02 7.197000e-02  
4.420242e-02 -1.284550e-02 6.515593e-02  
5.355598e-02 -5.549222e-02 1.930056e-02  
-7.549685e-02 2.483188e-02 -4.071980e-03  
7.835249e-02 -9.616264e-03 -1.035572e-02  
-7.897776e-02 2.890048e-04 -1.274478e-02  
-4.457029e-02 5.014354e-02 4.276694e-02  
-2.809767e-02 -2.698237e-02 6.910986e-02  
7.926073e-03 5.268110e-02 -5.901234e-02  
8.762522e-03 -7.919557e-02 -2.385292e-03  
-5.676581e-02 -2.219279e-02 -5.112329e-02  
-2.676674e-02 -2.635221e-02 -7.027903e-02  
-7.929337e-02 -1.073918e-03 1.055503e-02  
3.846505e-02 4.805144e-02 -5.046695e-02  
-7.238975e-02 -1.531760e-03 3.358321e-02  
3.971133e-02 -3.609018e-02 -5.875372e-02  
-2.941343e-02 -4.498467e-02 -5.925563e-02  
2.242011e-02 -7.042416e-02 -2.982944e-02  
-1.133908e-02 -3.984184e-02 -6.795382e-02  
2.375716e-02 -4.629654e-02 6.076371e-02  
-2.725325e-02 -7.520774e-02 -1.027619e-03  
1.129004e-02 -8.907498e-03 -7.826072e-02  
-2.599278e-02 -3.412381e-02 -6.699944e-02  
3.732975e-02 -2.980923e-02 -6.359055e-02  
-1.950377e-02 7.116740e-02 3.010540e-02  
4.605432e-02 1.170105e-04 6.507847e-02  
6.461185e-02 -4.498543e-02 -1.419926e-02  
-6.988463e-03 4.595853e-02 -6.510741e-02  
-1.717146e-02 1.036984e-03 7.760423e-02  
-7.141316e-02 -3.180290e-02 1.699222e-02  
4.622186e-02 -6.635494e-03 -6.423664e-02  
5.259110e-02 7.787348e-03 5.946553e-02  
-6.339737e-03 1.786856e-02 -7.772080e-02  
-1.877822e-02 -7.662769e-02 -1.325049e-02  
5.174810e-02 5.431999e-02 2.720478e-02  
2.757623e-03 -6.750009e-02 -4.249595e-02  
5.167170e-02 -6.098128e-02 -3.364300e-03  
4.834555e-02 -6.121972e-02 -1.774412e-02  
7.572989e-02 -2.578696e-02 -1.284284e-04  
2.257616e-03 -7.563519e-02 -2.507069e-02  
3.332037e-02 3.198931e-02 -6.531797e-02  
6.612206e-02 4.231568e-02 -1.263055e-02  
7.492901e-02 -1.926577e-02 -1.939317e-02  
1.410230e-02 3.198811e-02 -7.154738e-02  
-4.398263e-02 6.270689e-02 2.176107e-02  
1.524492e-02 -7.060469e-02 -3.438853e-02  
-7.779045e-02 -1.695526e-02 3.390741e-03  
3.011436e-02 6.053863e-02 -4.184892e-02  
-5.915306e-02 -5.051217e-02 -1.659477e-02  
-1.483151e-02 7.029372e-02 3.519686e-02  
-5.404929e-02 -1.215902e-02 5.722466e-02  
1.927620e-02 3.322291e-02 6.978173e-02  
6.881860e-02 1.844183e-02 -3.574476e-02  
-3.582163e-02 -3.852510e-02 5.982265e-02  
-6.159264e-02 4.929147e-02 -1.043911e-02  
-6.754606e-03 -3.794337e-02 7.010475e-02  
-5.974975e-02 2.823714e-02 4.451835e-02  
-1.013054e-02 6.012619e-02 5.130017e-02  
7.953344e-02 -1.270795e-03 2.927003e-03  
-3.059117e-02 7.948072e-03 7.349155e-02  
7.131300e-02 3.455286e-02 1.097982e-02  
7.190786e-02 1.944535e-02 -2.837113e-02  
3.049021e-02 -8.681999e-03 -7.345046e-02  
-1.733499e-02 -7.044262e-02 -3.299321e-02  
