50.0751 62.5409 50.5579 -149.92 73.9678 -123.533 -107.837 -29.4858 23.0536 13.0269 -57.4936 -18.1511 -137.546 55.3824 -132.193 36.5486 -19.9824 22.6262 -3.22069 34.0617 -18.3677 17.4338 -17.0081 35.4591 -26.864 69.3378 55.2976 2.93993 -13.7942 -95.0039 45.6903 77.0979 2.68422 -9.84603 91.4487 8.01513 45.4506 41.7642 69.1373 7.48619 43.9383 85.3508 67.3195 25.478 -105.799 17.3131 -114.559 53.1131 -58.6666 -12.5941 -84.8175 54.0453 72.2869 -38.7049 -130.547 2.97255 -137.822 0.349151 80.3299 -42.2859 91.8209 76.2481 32.9437 -8.5521 
-24.0107 -18.951 -45.4636 34.663 -8.76823 -15.735 123.681 -51.3236 64.6424 -65.144 -32.4769 -28.0417 -21.6804 51.8312 -24.2979 -27.3552 -44.1261 -53.2518 -35.9437 -51.3013 -73.1389 -8.8694 -34.5177 -23.0443 174.726 -4.91261 -33.7839 56.0628 -10.9947 -61.269 -5.60592 4.19323 16.8941 -69.01 69.9125 -53.7936 -46.0594 -45.1336 -21.2281 -61.0835 30.9412 43.4592 -15.5799 32.6699 164.233 -54.0205 -43.2358 74.3593 -64.3693 167.281 -39.5543 46.9557 15.7964 -63.5651 101.944 -54.6429 49.3277 133.024 -2.41172 -0.525576 34.3983 16.678 -7.76367 -61.6898 
82.212 68.6421 10.2301 -28.0556 -14.3202 -36.9009 113.852 96.1267 -88.7953 -7.3393 -68.1785 -73.9303 4.95363 -67.1943 54.046 -49.755 -60.2029 -27.295 -64.3784 56.7248 -7.56332 -75.6216 -68.7243 -54.662 65.0338 73.16 -15.6363 -96.9518 133.301 13.5901 -58.9276 65.9754 -91.581 -17.3402 29.6796 -38.3839 -7.47778 -17.9454 -5.57717 -25.0539 -74.8464 -22.5491 -20.8737 -86.3469 42.9112 -31.0727 -7.47944 -66.3843 -27.0767 78.8052 94.9353 117.686 -39.4493 74.9098 -48.7241 81.488 104.277 121.726 -3.48426 141.252 4.49657 -33.008 -67.5184 -33.4084 
46.6381 68.2975 74.2317 -102.958 100.602 -104.947 -72.045 -52.2012 4.84084 6.9967 -71.3437 -35.1068 -111.763 41.0468 -109.379 41.7186 -39.0315 23.6493 -18.0934 34.0367 -41.6509 7.38548 -34.5606 38.2011 -33.347 71.151 81.0406 -12.4361 -35.1528 -103.616 48.6376 80.2794 -11.7085 -29.4228 70.5885 -1.6418 66.166 58.757 99.9699 -2.27749 33.3323 82.5158 93.4186 11.2575 -66.4781 14.1631 -108.368 32.1743 -80.768 -26.9526 -89.7695 26.0568 80.9692 -62.4406 -83.4396 -16.3525 -94.3754 -21.3651 106.197 -55.9655 95.4193 86.6987 29.2315 -26.7119 
-16.6567 -12.2928 -72.0585 40.3636 -4.85389 8.87294 82.7227 -34.3627 72.0811 -95.5664 -16.2186 -20.2642 7.26257 68.6171 6.42847 -34.5426 -41.9344 -79.1359 -35.9613 -65.1333 -87.7882 -1.35146 -29.2999 -26.4952 113.367 9.45104 -51.7794 62.4889 10.6061 -33.3598 0.651048 21.9273 29.1381 -87.431 91.8623 -71.744 -74.1712 -71.5392 -27.5665 -85.0665 46.7526 67.7808 -17.4444 46.0535 96.9881 -77.6445 -13.0069 85.6741 -52.7612 113.528 -9.94028 64.9846 32.73 -49.9317 71.7931 -52.2293 49.5168 102.835 6.97655 21.1732 59.7961 34.5397 -1.50816 -75.9224 
117.585 105.227 26.4011 -5.04532 -15.0708 -15.7753 61.2351 107.301 -70.5493 -4.55563 -58.9099 -79.229 13.6998 -62.8159 45.971 -70.8964 -68.1167 -38.6931 -77.9097 94.7496 -2.51696 -88.749 -76.2575 -75.812 41.7131 105.278 -20.0014 -75.4185 124.71 22.1276 -76.9526 95.3834 -87.1473 -17.855 39.1917 -52.3142 -5.79861 -24.5124 -1.36838 -32.5809 -77.4874 -18.5313 -26.8783 -82.8153 29.154 -43.7369 4.29084 -53.2074 -20.8866 49.6658 84.0756 112.626 -46.836 89.3158 -13.2404 110.004 63.2978 76.7114 3.05662 114.841 14.719 -38.0033 -84.7567 -41.1002 
49.6978 70.9751 64.5024 -108.541 94.4498 -103.37 -84.9244 -50.2612 6.80113 6.76362 -64.0042 -29.837 -112.555 44.431 -112.632 37.0879 -32.3596 20.4179 -14.2764 32.7399 -33.5983 8.13975 -28.9398 34.4872 -38.7771 77.0219 70.425 -11.221 -35.8118 -97.0021 45.5517 87.6726 -9.74011 -23.0975 85.0497 -0.144937 56.2494 49.7676 91.0543 -0.718733 34.6124 89.2898 85.3295 12.7406 -78.4931 12.7071 -104.155 36.7931 -70.0532 -30.663 -91.3936 34.8995 80.3123 -58.384 -92.0851 -13.8679 -106.165 -23.0796 102.934 -59.9226 103.641 86.5744 27.8364 -20.8808 
-24.1103 -19.7442 -65.3647 37.1013 -8.92758 2.80191 91.0282 -40.7323 69.7619 -83.4445 -20.0864 -21.9976 0.900923 64.8055 -0.0417798 -32.0615 -40.9306 -68.6438 -34.7722 -64.8875 -80.4232 -4.00984 -29.8547 -25.3889 129.965 0.816328 -47.2401 59.3921 3.73165 -38.9631 -2.08157 13.2068 24.4345 -78.6298 92.3449 -63.5334 -65.2907 -62.4992 -28.6769 -74.5968 41.7395 62.5679 -19.2065 41.3803 108.494 -67.6833 -19.3939 84.7884 -53.6578 130.181 -17.0912 63.547 26.6406 -54.4781 74.0815 -56.0867 49.2594 116.019 0.870251 15.7807 53.2622 28.1268 -3.94817 -68.5505 
112.115 99.152 19.8629 -10.0284 -16.8538 -19.9661 69.8565 101.17 -79.6689 -5.7811 -57.397 -73.312 9.8219 -70.2284 43.689 -62.4453 -61.2677 -32.9639 -69.4656 81.3481 -4.87918 -83.1222 -69.5082 -67.5887 46.7767 103.083 -18.8934 -83.2605 130.504 16.9164 -72.2079 94.0957 -87.8967 -17.0346 38.7554 -44.6448 -6.64848 -21.772 -3.93586 -28.2954 -80.7903 -24.7199 -26.5221 -86.3727 30.1344 -37.1557 0.17928 -63.466 -21.6971 57.1592 82.1918 126.761 -49.0216 80.2546 -20.3781 99.3633 68.1975 91.6115 -0.759523 122.761 10.1494 -40.8935 -79.0419 -36.0248 
23.797 52.3352 56.6574 -87.1112 131.361 -82.8325 -76.9185 -52.6345 -13.4144 -8.89507 -62.9457 -40.3908 -85.2999 38.2897 -84.0392 30.6118 -41.0478 6.8716 -26.8527 8.41227 -40.5674 -6.06647 -39.1873 27.3453 -54.848 61.4773 76.9936 -31.0824 -45.8975 -76.1788 44.2171 81.3371 -26.6781 -33.0746 94.121 -13.4804 49.7022 42.9607 116.272 -14.5211 25.2207 123.15 112.014 -3.93287 -76.8409 -1.11428 -80.8888 23.9233 -63.3751 -49.0948 -73.3557 7.84765 108.687 -56.4021 -83.3156 -30.5931 -83.5789 -42.1562 147.564 -59.4315 148.081 121.8 18.2553 -31.262 
-26.1492 -24.63 -84.5658 28.8539 -25.4764 6.10803 66.1775 -29.145 75.7985 -79.7 -12.0975 -17.8587 4.42787 81.0735 3.05149 -42.7884 -33.4572 -73.5717 -32.089 -65.0294 -63.3916 -5.66932 -24.7976 -34.4366 111.137 -0.251227 -71.103 60.3681 2.75401 -22.3259 -8.35057 15.7084 24.7403 -65.5917 131.815 -61.5232 -84.0591 -79.5143 -52.9405 -70.4071 48.4076 93.1736 -39.5997 44.8568 82.89 -69.797 -8.84975 104.22 -35.7674 113.387 -9.52143 64.4406 31.6372 -37.8758 56.95 -45.8857 34.4923 100.394 -9.60554 11.6798 81.5574 34.6292 -8.13161 -58.775 
123.623 122.359 29.0408 -0.0579811 -24.7959 -6.75044 56.0162 82.1421 -83.6944 1.13709 -38.9445 -61.154 13.6098 -89.3529 35.4933 -72.9326 -48.1065 -29.6561 -61.455 87.2081 3.72862 -87.1197 -57.3451 -78.992 47.0608 131.661 -22.9105 -80.2736 106.58 19.1968 -92.5058 130.098 -85.4877 -7.45164 68.8146 -38.1222 -3.93601 -22.3283 -3.37065 -20.7973 -99.4616 -33.136 -38.8385 -94.8218 29.3802 -32.6992 7.47004 -75.2213 -8.68013 56.8363 62.3354 134.578 -75.1134 66.2134 -8.09092 89.2738 51.6736 85.4168 2.39631 94.9401 26.443 -63.5918 -92.0223 -25.5087 
47.0577 57.1093 48.7411 -178.335 68.6083 -142.309 -97.2331 -22.5548 29.0785 16.5189 -59.6274 -14.9756 -155.682 57.1718 -141.094 38.532 -16.6881 25.5131 0.773573 34.1636 -13.8136 21.4737 -13.6652 37.7078 -8.50272 62.495 53.4565 8.92233 -6.55987 -98.5401 47.0365 68.7226 7.36461 -5.41051 83.0483 11.9509 45.0029 42.1772 64.3062 11.4136 46.7685 79.2438 63.5272 30.157 -97.3457 20.6769 -126.105 56.2016 -58.4095 4.4886 -79.6935 51.9546 68.8697 -32.2596 -148.462 7.24258 -140.235 13.4576 73.2018 -32.5599 82.6207 71.7462 35.8853 -4.32775 
-20.5473 -15.6989 -40.8181 39.6876 -6.68341 -21.7018 129.877 -49.9939 65.1007 -63.191 -38.5999 -31.1855 -27.4459 50.328 -28.3324 -26.1798 -47.7119 -51.5627 -37.9605 -46.3391 -74.5794 -9.44866 -37.7341 -22.1887 172.501 -3.19124 -30.3418 57.5308 -10.4425 -68.9584 -4.96999 4.88237 16.51 -69.9871 62.7852 -53.9457 -42.1778 -41.8865 -18.0268 -60.6059 30.4629 40.6077 -13.1395 32.5744 179.453 -52.9595 -51.7108 72.1816 -71.2451 161.532 -41.5918 42.0008 15.6911 -63.2938 120.47 -51.1713 53.802 123.944 -0.782207 -1.00617 31.8849 16.4779 -7.61635 -63.3315 
73.1095 60.5245 10.2932 -30.9675 -12.1468 -42.9231 125.499 96.2124 -88.0748 -6.00987 -77.9187 -80.1828 10.249 -62.3924 67.6463 -48.2452 -64.6144 -26.1174 -67.6362 53.1179 -6.15215 -77.3094 -74.0782 -53.3443 69.3134 63.6226 -13.8231 -100.589 125.374 18.8895 -56.5794 57.1007 -96.428 -16.5073 27.3947 -38.3288 -6.18891 -16.285 -4.31117 -24.282 -72.1544 -18.4263 -18.3862 -86.6275 55.6587 -30.2067 -5.6781 -60.819 -28.5839 79.6279 103.836 101.265 -35.1712 78.0197 -54.094 78.4883 122.024 113.199 -2.26081 137.619 5.26013 -28.9282 -66.7805 -33.7908 
32.8236 56.9101 61.6683 -97.015 115.37 -94.092 -76.3164 -48.8433 -2.76409 -2.8214 -69.3173 -40.3174 -96.4073 46.0068 -92.8537 37.024 -41.965 13.2932 -24.4055 18.7627 -40.2805 0.750811 -39.2118 34.0156 -46.9316 63.0457 77.5906 -22.9264 -38.8023 -85.278 50.1295 77.1738 -20.5267 -31.5631 82.5681 -9.23464 55.1635 48.8263 105.904 -10.0442 34.1926 106.461 103.02 5.61302 -75.6436 4.66213 -91.8767 33.5701 -70.3314 -40.3954 -76.5353 15.9305 99.8796 -55.063 -88.327 -22.4044 -88.0349 -33.3587 124.445 -55.3279 120.279 108.291 25.8575 -30.01 
-20.4331 -17.9781 -74.3496 33.6542 -13.7113 5.87842 73.5631 -29.1376 79.6143 -85.4145 -17.0015 -22.7078 4.57288 79.458 3.86018 -41.483 -41.2179 -77.2998 -38.001 -59.8719 -73.5731 -6.02991 -30.8225 -33.3412 114.379 2.68277 -60.1874 65.5772 5.87721 -27.5378 -5.05067 15.4196 26.9728 -75.6236 105.291 -68.8818 -77.073 -75.01 -37.9445 -78.1054 50.3043 79.544 -27.2834 47.9522 91.6218 -75.1582 -11.9309 101.181 -44.9195 114.773 -9.31484 59.3604 33.208 -40.3821 65.7444 -44.8078 40.3875 99.9841 -0.46572 15.1086 66.2057 35.3356 -6.8403 -68.6192 
115.135 108.966 29.4768 -0.783831 -15.3064 -9.70907 62.5083 89.839 -83.0763 0.521406 -48.2652 -71.25 15.0634 -79.7296 41.1733 -71.7711 -57.214 -31.3469 -69.9888 86.581 2.38142 -91.9521 -67.1133 -78.1742 49.5184 113.659 -17.6484 -83.9788 112.001 21.1968 -86.7758 108.284 -92.1023 -10.2102 54.3587 -42.8605 -1.72406 -20.1292 1.81402 -23.9058 -93.7299 -23.1992 -28.5433 -95.3032 33.3904 -35.5148 7.25229 -67.4124 -12.7402 58.5292 71.0298 122.519 -58.8584 73.6381 -9.14752 93.9421 59.3486 85.7173 6.7806 102.694 22.3396 -47.702 -91.8116 -30.6807 
45.2731 70.4282 61.2941 -100.297 102.364 -93.6105 -88.4999 -51.5808 2.30798 0.816331 -60.9674 -31.7368 -100.997 44.0622 -101.773 33.3187 -33.8555 14.6562 -17.6639 26.0444 -35.2545 4.08984 -30.8954 30.8103 -49.9173 78.8382 69.7266 -15.7912 -41.1444 -87.1239 43.7846 93.2479 -13.5677 -26.1134 94.3724 -4.97679 52.2621 45.3913 96.2705 -5.82293 32.5948 100.153 89.9484 8.94006 -83.5499 7.13953 -93.219 35.1118 -65.2174 -42.3684 -85.4173 29.078 86.6826 -57.5014 -90.2194 -19.4297 -101.568 -34.7131 114.274 -62.7453 118.975 94.828 24.3951 -23.9404 
-29.83 -26.0959 -70.9923 32.2091 -13.894 3.13309 82.8007 -38.8271 69.6823 -79.1233 -17.3801 -20.9001 1.48114 68.2526 0.170502 -34.7201 -37.2353 -67.4494 -33.2875 -67.8215 -71.074 -5.97698 -27.8715 -28.003 129.841 -3.89355 -53.1147 57.024 -0.129963 -31.7519 -5.00203 10.3449 21.8104 -70.6811 108.385 -60.2003 -69.4015 -65.6739 -35.6434 -69.9902 41.4034 71.0681 -24.822 39.7541 101.055 -65.5499 -15.2657 90.6424 -44.9583 131.53 -15.7059 64.5389 26.8328 -49.2587 66.2017 -55.3107 42.3386 116.7 -2.97985 11.5345 60.8667 28.843 -6.47218 -62.1565 
121.831 111.308 21.2933 -7.39993 -20.8557 -16.0605 63.8244 95.0249 -79.8079 -5.49034 -50.3617 -67.8227 9.34033 -75.6555 38.3322 -65.0592 -56.3456 -33.1784 -65.8309 85.2648 -4.01906 -82.2211 -64.3395 -70.091 45.2686 117.309 -21.5485 -80.5325 125.985 15.4093 -76.8015 108.998 -84.6245 -15.6189 43.7775 -43.2525 -7.54227 -23.4524 -5.62974 -27.306 -84.7475 -30.3489 -31.2826 -86.8628 28.2532 -36.8339 1.04257 -67.7941 -18.509 55.805 73.4217 136.273 -56.84 74.3303 -16.6276 97.789 60.5053 90.4613 -2.35657 114.858 10.4227 -48.3425 -81.1209 -33.6145 
56.5379 75.1332 65.6611 -114.443 87.6604 -109.003 -86.6214 -49.1341 10.351 10.9347 -62.3183 -25.9259 -122.474 43.3883 -124.661 37.5615 -28.8808 23.3626 -10.5334 39.3265 -30.7979 10.9428 -25.1516 35.0695 -32.3121 80.3237 68.4305 -6.43858 -31.4939 -104.505 44.456 88.6631 -5.54456 -19.6375 81.7782 3.37218 57.0315 50.5659 86.0922 3.05075 34.7192 81.9401 79.9308 15.3613 -76.8265 15.9392 -112.026 37.1503 -70.9928 -23.7624 -99.231 42.6786 73.9948 -58.97 -92.2 -7.95717 -115.286 -15.9938 95.2044 -59.7199 95.4011 79.3914 28.8231 -17.3848 
-23.8325 -17.8133 -62.9182 41.8463 -5.48556 4.38386 101.421 -49.6259 63.0747 -85.8389 -19.2522 -20.0733 2.05976 57.4381 0.41629 -27.8542 -39.5855 -66.3003 -32.268 -69.9077 -86.9151 -2.28715 -27.9375 -21.6133 131.371 3.79697 -42.1726 54.9421 4.92328 -45.0036 -0.187923 16.2727 23.6496 -82.4801 85.6223 -61.8338 -61.757 -58.4549 -23.9027 -74.8307 37.8843 56.1506 -14.9783 38.0603 114.432 -65.621 -21.1572 74.8605 -57.848 131.69 -21.207 68.5575 25.1516 -66.2733 78.0126 -65.4787 58.011 121.314 3.54299 19.07 49.6793 26.5797 -2.04832 -69.4714 
110.763 92.9215 15.7393 -17.899 -17.8159 -29.2983 70.7319 117.245 -71.3708 -9.22839 -65.1615 -75.8955 4.36181 -60.6829 46.0423 -59.6418 -66.0822 -35.5692 -71.2057 82.8195 -9.31013 -78.4782 -72.77 -63.897 40.5726 94.3791 -20.4493 -76.9334 146.433 13.8194 -65.4911 82.9236 -82.8311 -22.0152 29.0105 -47.9512 -9.55027 -23.758 -6.99808 -32.3137 -70.9357 -22.998 -26.2576 -77.706 25.6395 -40.0145 -6.67562 -55.1647 -29.7209 50.4845 95.7082 120.038 -43.3939 92.6768 -26.9793 110.404 73.5927 86.2255 -4.21371 139.992 4.96847 -36.6762 -72.8734 -41.2851 
74.4582 84.8473 66.9989 -123.873 73.7189 -119.382 -83.9194 -45.405 15.4272 20.8894 -54.0131 -15.6202 -151.053 39.2951 -168.705 37.0581 -18.8563 29.1672 -1.62512 56.9958 -22.0412 15.7382 -15.0023 34.7909 -15.122 87.5505 62.8479 2.21581 -14.6156 -129.064 40.6534 90.2608 2.53404 -9.73938 73.6055 11.4711 57.286 50.8066 75.1717 12.0929 32.9598 67.3975 68.2486 18.8466 -65.8166 22.7302 -133.736 35.3964 -70.3812 -6.25262 -133.261 60.7405 61.0492 -62.6252 -85.367 11.5785 -141.403 2.99745 79.8275 -56.855 79.4408 65.0568 29.2982 -7.71401 
-24.3887 -16.0448 -53.4244 50.7913 -1.85077 3.67637 134.352 -76.5034 51.484 -82.8372 -19.7064 -17.2223 0.93862 45.0927 -0.519874 -20.2127 -36.5104 -57.1837 -27.2386 -74.7166 -95.6883 -0.178529 -24.5738 -15.1561 135.949 4.83421 -31.8102 46.3097 8.2351 -66.1328 1.97247 16.0496 20.8503 -84.8159 69.7338 -54.9055 -50.8344 -47.33 -16.5103 -69.697 30.7023 43.606 -9.14141 31.5415 131.141 -57.2465 -30.6746 58.8583 -68.0725 135.872 -35.6657 72.1429 20.7973 -101.31 85.7791 -86.7457 90.2161 132.732 4.97719 31.6985 39.6266 21.8481 0.332706 -67.2907 
101.932 78.6537 7.57867 -35.9308 -18.2674 -48.625 72.982 147.829 -63.3656 -15.7303 -73.8554 -74.8171 -11.1484 -51.6666 47.962 -52.785 -68.2993 -36.9272 -68.6625 75.9128 -18.5647 -69.461 -72.4921 -56.0004 30.1787 78.4102 -21.4303 -70.127 180.009 2.69204 -55.5281 65.5185 -74.841 -29.8117 17.0784 -49.082 -13.6351 -25.2406 -10.3953 -36.4714 -59.9647 -22.1367 -24.8448 -67.4233 15.6929 -41.2722 -23.8792 -48.3829 -43.6294 39.9824 128.257 109.312 -37.0358 113.105 -41.2586 122.417 86.4936 78.8845 -7.98612 182.626 -1.25929 -31.9772 -62.7576 -46.5392 
51.8006 67.3339 55.1688 -129.201 81.2265 -114.012 -99.4525 -38.7676 15.8814 10.3388 -59.8061 -22.2815 -126.515 50.9675 -125.028 36.9629 -24.5249 21.6665 -7.06325 33.984 -24.752 14.3735 -21.2601 35.3957 -35.8351 74.4406 60.3793 -3.23678 -22.6019 -97.2263 45.9649 83.2838 -1.93896 -15.234 90.745 4.98644 48.9175 44.3344 76.6975 4.24476 40.4816 87.2486 73.6228 20.5526 -94.6552 15.523 -110.568 45.9834 -63.7672 -23.924 -90.1386 49.8093 75.4278 -47.941 -111.291 -3.37176 -124.849 -11.4905 88.5294 -50.9781 97.1065 80.2309 31.4534 -13.3529 
-25.587 -19.7082 -51.4764 39.2977 -8.18865 -5.02748 113.033 -52.6021 64.232 -71.5882 -26.4736 -25.3563 -9.28682 54.6832 -12.716 -28.6105 -42.3888 -57.9107 -35.1079 -58.018 -76.7514 -7.49695 -32.2957 -23.6674 157.941 -2.89121 -37.3147 55.3154 -8.66914 -52.9587 -4.73947 7.90571 18.7281 -72.8134 79.5726 -56.7161 -51.6374 -50.0897 -22.7707 -65.5369 33.2386 49.7441 -16.1311 34.2186 140.118 -58.1729 -31.8755 76.1361 -60.2732 154.95 -33.4872 55.0886 19.0381 -65.1474 90.2197 -59.6769 52.8269 130.951 -0.6264 3.66229 41.4017 20.2671 -6.82402 -63.9603 
95.8314 81.2768 13.1381 -19.9909 -15.4743 -29.7411 86.573 103.323 -82.7201 -7.3373 -64.6743 -74.4834 7.13755 -66.5832 50.4137 -54.9705 -61.7932 -30.3715 -67.2961 67.5652 -6.78486 -78.4782 -70.0053 -59.8583 51.2945 85.6919 -17.5215 -89.09 137.332 15.9385 -63.6727 77.4111 -89.1737 -17.9127 33.7362 -41.8462 -7.96801 -20.1853 -5.53028 -27.2321 -75.7281 -22.4669 -23.246 -84.8282 31.7982 -34.3646 -4.11137 -63.1284 -25.5691 63.6375 93.3673 123.461 -42.3487 81.3643 -34.8414 92.475 85.0301 104.094 -2.69242 137.667 7.04396 -35.345 -71.748 -35.4885 
45.2501 55.754 60.4384 -151.2 74.3464 -159.908 -60.0844 -28.1277 21.8696 23.368 -82.6007 -21.8934 -165.29 49.1429 -141.413 48.9311 -25.2935 36.0436 0.0290563 38.3808 -22.3404 24.4356 -20.3925 47 -10.7222 57.4732 66.0176 4.35596 -9.55259 -131.778 53.4993 61.9373 5.15846 -9.12142 61.7243 17.1075 58.3474 55.7566 72.9509 16.4731 44.3236 68.7872 72.0069 27.4679 -57.2058 29.5429 -156.49 43.3893 -89.2183 -3.41542 -84.6441 36.4032 68.7997 -41.8495 -102.828 5.38221 -100.83 2.84978 75.6633 -31.494 72.2581 70.8258 41.4432 -7.24159 
-8.53275 -4.5853 -43.2446 68.0295 -0.279624 5.36179 106.804 -38.6559 70.5979 -82.9143 -33.1752 -29.4224 0.580513 55.9535 -1.18775 -26.9629 -56.5022 -65.5258 -42.4663 -43.8253 -101.976 -2.87836 -40.0999 -21.3334 122.929 8.83769 -30.9836 67.229 8.80553 -69.627 0.934803 16.2881 29.6627 -95.9657 62.6275 -70.1623 -47.7765 -48.6267 -13.5261 -80.8204 39.4652 46.0715 -8.39546 43.1556 130.299 -68.2003 -38.1321 72.5522 -89.7413 117.499 -21.6178 49.4007 23.426 -60.323 115.724 -45.1333 68.7474 99.2605 6.92354 19.7736 38.7283 24.2087 -1.74723 -85.5287 
80.4183 67.2015 18.201 -14.1224 -7.58262 -36.539 83.5579 115.529 -69.6393 -2.51329 -97.3922 -100.561 24.472 -49.5374 82.1824 -55.4557 -85.8934 -31.0073 -86.7507 68.8659 -1.5618 -86.7379 -95.3164 -60.8809 47.165 66.8066 -11.5719 -83.9613 121.843 38.3058 -59.0208 59.232 -97.2305 -17.9355 27.8666 -49.448 -2.58523 -15.9372 0.574381 -29.4713 -64.9083 -10.1328 -15.255 -79.5176 40.536 -37.2401 5.86654 -43.3631 -33.2724 53.4708 119.729 85.4059 -29.4996 103.986 -25.2894 97.8743 99.3962 76.6196 3.30379 127.569 10.778 -22.8714 -72.6416 -44.1114 
43.7825 55.3653 47.5919 -163.007 72.2281 -131.997 -99.3498 -25.6188 27.6698 13.0377 -61.8735 -19.0526 -139.669 60.8339 -126.296 37.906 -20.5089 22.8193 -2.8735 30.5677 -17.181 19.4453 -17.6414 37.1465 -22.1466 61.35 53.9276 4.94557 -11.9009 -92.253 48.241 68.8785 3.94579 -9.05439 87.9414 8.60244 43.872 40.9853 66.4912 7.92335 48.6007 86.2565 66.2774 29.3646 -105.305 17.7026 -116.053 59.3242 -58.8485 -8.26969 -75.8122 47.2373 74.0021 -34.1748 -147.44 2.80311 -128.114 2.53487 77.4079 -36.347 88.9881 77.2671 35.5328 -8.00981 
-20.8221 -16.583 -43.2784 33.8596 -8.5368 -17.8528 113.324 -44.5115 70.4927 -63.777 -36.7321 -31.8496 -21.6217 55.122 -21.8793 -28.876 -47.7944 -53.7351 -39.3177 -46.2475 -71.8629 -10.8026 -38.3459 -24.6755 169.83 -3.869 -33.3625 61.0606 -8.59027 -58.9447 -6.47008 4.35796 16.8571 -68.7526 67.5778 -55.4117 -44.9678 -44.7892 -20.5682 -61.4904 32.6362 44.0757 -15.4828 34.6506 162.465 -54.8885 -43.3517 79.6672 -65.6498 159.954 -34.1545 42.0971 16.1445 -56.4559 106.874 -48.0867 45.3269 120.962 -2.11654 0.488326 33.917 16.9963 -9.13833 -63.0931 
76.0706 64.46 12.073 -23.3992 -12.1306 -34.2545 118.861 89.9075 -96.1625 -4.26559 -70.3986 -77.276 10.5227 -69.6022 57.9268 -49.3566 -60.8145 -24.7407 -65.8 54.3631 -4.04657 -79.6181 -70.9434 -54.9208 78.6376 68.5676 -13.2719 -106.853 120.442 17.9676 -60.0169 62.6036 -99.7966 -14.0212 32.9505 -36.3883 -4.94885 -15.3795 -3.3865 -22.2023 -78.9727 -19.9046 -18.7637 -93.2249 58.3655 -28.6451 -2.84916 -68.1631 -23.8933 89.6345 91.7343 108.439 -38.3626 72.2566 -45.3334 76.3574 106.01 121.63 -1.31363 128.692 7.20566 -31.4213 -69.9652 -30.8711 
51.3112 77.7852 66.4719 -99.5488 99.039 -94.1479 -86.9233 -58.1384 2.25582 3.78459 -59.1192 -29.2468 -104.279 39.2317 -107.877 33.8919 -31.6381 17.7418 -15.3133 30.4575 -35.0685 5.01226 -28.4771 31.0651 -43.5773 86.0753 71.433 -14.0188 -45.1804 -92.1639 41.738 99.5655 -11.898 -24.7473 90.9859 -2.35396 56.1218 48.5141 96.3074 -3.14186 29.5787 90.8385 87.7096 8.42498 -78.6024 10.0681 -96.4496 31.2517 -66.2289 -36.0665 -94.0341 35.0828 79.4792 -64.1984 -86.0228 -21.4519 -105.067 -29.1596 110.635 -68.4806 111.706 87.1413 23.9007 -21.9845 
-31.1056 -25.5484 -74.6738 33.9135 -10.6208 4.82719 87.4933 -45.1654 63.6347 -83.9144 -14.7303 -17.3848 2.68703 61.9608 0.886987 -30.8314 -34.3968 -67.5195 -29.7112 -77.5754 -75.8352 -2.68546 -24.4469 -24.0206 127.715 0.678354 -51.4858 53.3772 2.15979 -33.6372 -1.93686 16.6504 22.7438 -73.8982 105.713 -59.1596 -70.84 -65.5973 -33.0825 -71.4146 39.2793 66.5148 -21.4698 38.1038 100.794 -65.2703 -14.8961 80.7876 -45.6649 130.577 -17.433 76.556 27.0183 -57.1943 65.6064 -64.803 46.49 122.42 0.307287 15.1789 60.5749 29.033 -3.21157 -62.5213 
129.354 113.716 16.0353 -13.076 -24.916 -20.7529 59.1966 104.635 -72.726 -9.27133 -51.8395 -66.5384 4.57397 -68.4629 35.6864 -63.8859 -56.9943 -36.3909 -64.9659 89.2816 -7.13188 -77.3031 -63.7222 -67.8656 38.1351 118.677 -26.0027 -74.2528 139.525 12.4452 -72.2837 106.944 -78.5916 -19.0051 36.5421 -45.482 -12.5763 -27.6407 -11.39 -30.6359 -76.8385 -30.7882 -34.3725 -79.1096 20.9814 -39.7199 -3.25646 -61.712 -21.9404 49.0078 77.266 141.307 -54.3413 80.2776 -21.9958 107.439 57.837 87.0235 -8.11204 125.172 4.60636 -47.2121 -76.0959 -36.4672 
57.8951 72.1311 59.5264 -131.049 78.6816 -119.034 -94.2567 -40.1058 16.1461 14.5412 -59.2645 -20.2828 -137 46.6407 -138.888 37.6397 -22.81 25.0341 -5.05984 40.6621 -23.3615 15.0939 -19.3383 35.751 -25.8162 77.8372 61.8745 -0.864305 -20.8104 -107.293 44.4149 84.7686 -0.281253 -12.9126 83.8176 7.80479 52.4644 47.3589 76.4421 7.56131 37.8279 79.3795 72.0577 20.1221 -83.3159 18.7408 -119.934 42.2077 -66.6075 -15.2225 -100.761 52.9447 70.0796 -51.017 -103.505 0.695234 -131.386 -5.05048 85.3116 -52.6894 89.9931 74.5202 31.0326 -11.0839 
-24.0546 -17.9453 -53.1057 43.1724 -6.20062 -2.38487 116.916 -54.8993 62.3257 -76.6596 -24.9495 -23.2459 -6.36596 53.4871 -9.31155 -26.6602 -41.9246 -59.716 -33.6344 -61.4521 -83.4632 -4.62157 -30.7077 -21.3838 149.017 -0.030334 -36.7084 54.6855 -3.15081 -55.9691 -2.07643 10.7929 21.0379 -78.1828 76.6566 -58.2077 -52.8988 -50.8793 -21.3193 -68.9256 34.2597 48.9007 -14.1951 35.342 135.937 -59.9632 -31.5972 72.339 -63.7473 146.875 -32.234 59.8317 20.6172 -70.482 89.6381 -63.5463 61.1298 129.432 1.30487 10.9075 41.5635 21.723 -4.0221 -67.0698 
96.2829 79.6271 11.8084 -23.8653 -15.2961 -35.0086 85.5638 113.324 -76.6027 -9.83729 -69.5225 -76.437 4.77757 -60.8952 53.8516 -54.149 -65.307 -32.4349 -69.0324 69.0536 -10.1971 -76.3278 -72.4868 -58.5654 44.2567 82.5623 -18.0315 -83.8818 147.108 14.4465 -60.5813 72.9977 -85.8117 -21.6282 27.6968 -44.5588 -9.25555 -21.3422 -6.17164 -30.2738 -70.1221 -21.3875 -22.7308 -79.4171 27.9381 -36.6846 -7.86699 -57.6713 -30.9507 55.637 103.626 117.774 -39.395 89.0073 -37.4269 98.8357 89.8578 96.0229 -3.41471 148.946 4.89392 -33.0109 -68.9256 -39.3898 
23.3614 51.0078 49.491 -87.8286 121.533 -80.1618 -85.2905 -49.1022 -12.7931 -7.1895 -58.6248 -37.3612 -82.9589 42.6679 -82.229 25.8421 -37.189 5.4981 -24.6614 9.02039 -34.9368 -6.22686 -35.9489 23.234 -65.8317 61.5258 66.0251 -31.1359 -46.3696 -70.8179 39.9589 83.4146 -25.8263 -28.4192 118.598 -12.083 42.3656 36.2081 103.981 -12.5365 26.04 141.096 100.391 -3.40024 -86.3657 -1.35116 -76.7147 29.1176 -57.1966 -59.8119 -70.8308 6.05472 108.385 -51.4936 -87.6573 -27.1847 -87.2049 -51.7065 141.871 -60.7192 168.893 122.86 16.0401 -27.3213 
-33.4352 -34.2833 -75.8728 25.9001 -30.0866 3.61288 65.7717 -28.5533 74.8592 -68.8713 -14.32 -20.5093 2.57631 81.8114 1.55639 -42.7405 -33.2351 -65.2257 -32.7947 -61.0191 -55.5922 -10.86 -26.3441 -35.9658 120.331 -14.5042 -65.6175 56.7427 -1.97028 -21.3389 -13.583 -1.09228 18.4024 -57.6563 143.383 -55.7719 -74.4073 -70.7233 -53.3171 -62.07 43.2313 97.1121 -41.3591 39.2419 85.4827 -62.2336 -9.68995 111.59 -33.4404 122.84 -10.2614 54.8911 25.8477 -35.1453 55.3026 -43.7301 32.0347 104.445 -17.6057 7.66204 77.97 28.8642 -13.3361 -52.9 
117.461 116.382 26.3237 -0.424389 -21.2214 -7.3451 60.6483 77.2261 -91.7457 0.0874363 -38.1165 -58.5683 12.7962 -99.4745 34.5067 -66.5045 -45.5621 -26.6562 -57.732 78.4944 1.95666 -83.8487 -54.5523 -72.8496 52.9455 128.766 -18.8802 -85.5462 105.563 17.1776 -88.1384 129.211 -86.0237 -7.94622 72.858 -34.9644 -2.76338 -19.1126 -0.760564 -19.4076 -103.744 -41.6367 -33.789 -98.2923 32.1831 -29.6258 6.34612 -88.3809 -9.3421 64.2895 60.0737 143.581 -76.2244 61.0222 -8.89302 82.1184 53.4187 96.0106 3.99768 95.2515 24.4531 -64.9931 -87.978 -24.1051 
43.8998 61.1588 51.5897 -123.188 85.4251 -106.552 -102.142 -38.2954 13.2591 7.12645 -60.4383 -26.0666 -114.084 55.5445 -110.795 35.162 -27.1227 18.3837 -10.6884 27.5277 -24.8924 10.9666 -24.6771 33.6458 -46.2893 69.1938 59.4376 -8.80628 -27.4689 -86.4305 46.3145 80.4425 -6.9449 -16.607 100.809 1.90726 45.9847 41.6436 78.1515 1.34597 41.6919 99.2446 76.2717 18.221 -102.083 12.2801 -99.7404 50.3769 -59.9131 -33.9818 -80.8957 41.6126 82.5683 -44.9544 -114.95 -7.62225 -116.619 -21.4025 93.8812 -52.2397 108.095 88.26 29.798 -15.3291 
-27.3096 -23.0493 -54.1497 30.6413 -13.0637 -6.08527 95.5619 -43.6459 70.5411 -67.9107 -25.7511 -26.3821 -8.96058 61.442 -10.9422 -32.406 -41.45 -58.2354 -36.1261 -55.5615 -68.1972 -10.0674 -32.7584 -27.3801 158.867 -6.90272 -42.0683 58.2721 -8.78746 -42.937 -7.94373 3.83624 17.6003 -66.562 88.7168 -55.9168 -54.4584 -52.9883 -28.2971 -62.9571 35.2251 55.2321 -21.3107 35.6579 128.216 -57.9989 -26.9504 87.722 -52.3274 156.459 -26.6201 51.0791 18.3403 -53.265 79.7707 -52.4021 40.318 126.525 -5.04758 1.75606 43.6867 19.625 -9.77975 -60.1384 
94.6847 83.1793 14.9311 -14.5259 -15.239 -23.1875 88.6957 89.8454 -93.6821 -4.62443 -57.2545 -70.1657 8.84912 -77.4608 44.5832 -54.7412 -55.9915 -27.0332 -63.3929 64.4828 -3.81594 -80.047 -65.14 -60.2794 62.8565 89.9188 -16.0361 -97.3109 125.138 15.5071 -67.2424 83.7055 -92.9589 -13.8961 42.3628 -37.5376 -5.82614 -17.9496 -4.01893 -23.1723 -84.8398 -25.7201 -23.2806 -93.0745 38.12 -30.6611 -0.936842 -74.8161 -19.8946 76.9132 79.6403 132.207 -47.178 70.1755 -30.1066 83.1253 78.5639 117.596 -1.33361 123.871 9.66145 -39.2937 -74.5885 -30.3588 
52.4957 81.9116 62.1855 -95.8428 99.0325 -87.9521 -94.5543 -59.4779 0.877914 1.52246 -54.4164 -27.5567 -98.4644 38.4552 -103.902 30.3433 -29.5441 14.5278 -14.9917 27.6976 -33.1327 3.62819 -26.795 27.8185 -51.8749 93.7496 67.048 -14.8767 -50.7209 -85.5432 38.7906 110.432 -12.2561 -23.8136 102.946 -3.57931 51.1874 43.6571 94.879 -4.47481 27.9023 96.1665 85.5562 7.0214 -84.8266 7.54691 -89.5867 30.6525 -60.5004 -44.4822 -92.9888 37.0687 79.5363 -63.3189 -85.8092 -23.7474 -107.714 -38.0215 113.849 -74.3607 122.048 88.2726 21.441 -21.1206 
-39.6925 -33.5189 -73.7559 31.3887 -13.0366 3.58535 88.7037 -49.3683 60.3479 -77.7466 -14.1432 -16.6899 1.17457 59.1748 -1.33853 -29.873 -31.8589 -62.6125 -27.8649 -80.7751 -69.7367 -3.76628 -23.0167 -23.6226 135.88 -6.29075 -50.6853 49.8438 -4.73139 -32.6672 -3.51025 11.5823 20.0147 -67.6757 114.292 -54.3924 -68.1305 -62.416 -34.9293 -65.5781 35.9842 66.1445 -23.0456 34.7414 102.681 -60.2721 -15.006 79.0655 -42.2348 140.302 -20.7243 80.1465 24.3115 -58.5954 63.246 -68.8527 43.9069 132.767 -2.69793 9.66549 61.0858 26.4306 -4.47378 -57.139 
134.437 118.011 12.0102 -15.156 -28.6065 -21.4509 57.5092 100.03 -74.1204 -10.4221 -48.4889 -61.6697 1.75067 -71.6872 31.1197 -60.8037 -52.5243 -34.8085 -60.0177 85.0445 -8.13673 -73.107 -58.8715 -64.5516 36.6418 126.822 -27.5546 -74.0165 143.027 9.25254 -70.3709 114.571 -75.5111 -18.6749 34.8609 -42.3836 -14.533 -28.0214 -14.978 -29.208 -77.0988 -37.449 -36.7792 -78.0748 17.6349 -37.5499 -5.20595 -66.3802 -21.343 48.9357 71.9907 159.638 -57.7047 74.1377 -24.5027 103.231 54.2359 92.5809 -12.8029 126.316 -0.929795 -51.3902 -72.821 -34.082 
29.2901 47.9285 50.446 -110.658 100.352 -102.061 -81.82 -40.1982 3.54433 1.11117 -71.3884 -38.525 -101.493 60.7592 -93.8756 38.5202 -38.204 15.1873 -20.3343 17.2459 -32.1759 5.49587 -36.4708 36.6521 -48.5138 54.4405 66.3395 -22.7693 -31.618 -81.9307 54.2728 66.9204 -18.9306 -24.299 91.4068 -4.36887 47.1754 43.4943 88.062 -4.99758 44.8985 113.94 90.3239 12.4918 -87.0532 7.91904 -93.7124 49.4901 -65.774 -39.3404 -70.7195 20.9091 101.634 -45.9557 -106.67 -15.877 -92.121 -28.8724 107.059 -48.7724 116.771 107.822 31.1962 -23.5972 
-19.3098 -16.9667 -59.1422 31.7059 -15.9678 -0.367811 76.01 -30.1747 86.9355 -72.9745 -23.9316 -28.7994 -2.02172 78.5341 -2.73742 -41.6808 -45.3049 -67.8719 -41.8647 -49.386 -68.0429 -12.2159 -36.1951 -35.4874 128.582 -0.99818 -51.0507 71.1452 0.565288 -33.1814 -11.0898 9.07286 23.1489 -69.4496 95.1164 -64.3374 -62.9617 -63.0072 -33.4891 -70.0244 45.8387 68.4457 -26.9179 45.9558 103.53 -67.3184 -18.9127 108.024 -48.7579 126.477 -14.7634 49.6479 23.2691 -40.2013 73.701 -40.7476 36.6949 102.067 -5.09274 8.88797 52.6535 24.9083 -12.8743 -65.2991 
96.6521 90.2404 25.7363 0.384089 -8.79354 -9.47796 74.7909 83.571 -100.949 2.94305 -51.409 -74.2251 18.6052 -86.6517 46.1148 -63.2068 -56.168 -24.47 -68.6371 71.5721 4.52975 -94.7774 -68.173 -70.8694 63.1029 96.1758 -11.1924 -103.692 106.441 23.8041 -81.3246 92.7547 -105.636 -6.77185 59.2245 -36.6346 1.44461 -13.6714 4.92095 -18.6442 -101.039 -17.2499 -20.0975 -108.662 43.3186 -28.6867 9.81384 -76.7111 -10.6122 72.9721 72.4503 118.491 -50.973 69.1537 -10.804 82.2744 68.1849 98.9288 9.6753 102.239 25.533 -39.5336 -90.2239 -26.0767 
34.1153 64.8824 66.6221 -88.0814 124.34 -85.5589 -76.5592 -56.4602 -7.14183 -6.6881 -63.0908 -38.2537 -90.0995 36.6117 -90.2017 32.2701 -40.4577 9.98661 -24.8778 16.5013 -43.0056 -2.81391 -37.5711 28.8317 -49.4036 72.6056 81.05 -23.7704 -46.9913 -82.7706 43.302 90.3798 -21.301 -34.1948 84.753 -11.965 56.618 48.1622 117.234 -13.2223 25.9379 104.486 108.142 0.545106 -73.1306 1.35269 -86.1262 24.8315 -67.4789 -43.9911 -79.9525 12.6655 95.769 -61.4838 -79.9353 -30.0484 -87.0286 -38.7384 138.685 -62.4769 129.319 106.577 19.9098 -31.6147 
-26.7353 -24.3527 -89.217 30.7234 -17.0123 7.04642 70.8055 -31.4266 70.4076 -86.7058 -11.8297 -16.7051 5.67248 74.6759 4.71205 -38.1729 -33.4447 -75.7389 -30.8412 -73.3814 -69.7116 -2.81877 -23.9285 -29.672 110.513 3.02431 -67.7255 57.2859 6.2778 -23.7959 -3.16663 20.0874 25.239 -71.1164 123.276 -63.0745 -86.2542 -80.0236 -46.6365 -74.4758 47.0256 86.6873 -31.3774 43.5715 84.5121 -71.8447 -8.82891 93.9306 -38.2306 113.126 -8.7642 71.1686 34.9078 -41.975 57.7862 -51.405 38.9331 103.8 -1.85491 16.063 79.1616 37.8815 -4.10107 -61.9565 
135.985 130.563 26.0318 -3.89761 -28.7349 -11.103 53.6077 90.6568 -73.8131 -3.80639 -43.0292 -63.044 10.0441 -77.0081 34.0544 -72.67 -52.366 -35.4107 -63.9586 96.271 -1.01495 -82.7733 -60.1418 -77.2632 40.9399 137.129 -27.6733 -72.6003 117.348 16.1915 -85.5456 130.057 -79.4805 -13.0981 51.3286 -43.6952 -9.09761 -27.6862 -9.16217 -26.8286 -86.9237 -34.6491 -41.2763 -84.4212 25.1361 -38.4781 3.42521 -65.4142 -14.034 50.3454 65.625 137.287 -68.189 71.7072 -11.2195 99.9638 50.8801 80.8874 -5.00247 102.666 13.1357 -59.1547 -86.0428 -31.5585 
22.768 46.3927 52.9233 -92.0652 126.46 -87.4818 -76.2345 -46.1078 -10.5146 -7.76782 -68.3098 -44.246 -87.5094 49.7739 -83.3259 32.9382 -44.1969 7.05926 -29.0783 10.2579 -39.4174 -5.3334 -42.6907 30.1224 -55.0067 53.4032 74.3659 -32.2572 -39.5901 -76.0139 50.491 69.657 -28.2744 -32.5673 88.9566 -13.907 47.7751 42.1661 108.648 -14.3202 33.7576 129.484 109.904 -0.475028 -79.0314 -1.04653 -83.03 33.6878 -65.1601 -48.657 -68.7927 7.39155 117.809 -50.6103 -89.3457 -24.6848 -82.3275 -40.3816 137.644 -53.376 140.339 128.822 22.0988 -31.9616 
-22.8953 -22.6006 -75.0728 27.9966 -26.5983 3.98812 65.0971 -25.0301 85.2634 -75.2509 -16.457 -23.4363 3.07081 91.25 2.52901 -47.2631 -38.4866 -72.9744 -37.7717 -55.033 -61.4623 -10.6651 -30.3642 -39.4657 112.833 -3.49707 -67.8217 65.9616 3.03551 -22.6864 -12.3524 8.60415 23.3765 -64.5378 120.876 -63.6825 -77.8947 -76.1232 -50.2018 -69.8532 52.2814 93.6547 -40.0338 47.7667 84.8343 -70.223 -10.4261 119.048 -37.6795 113.604 -8.35147 53.9876 30.7818 -33.446 58.7848 -38.9854 33.4999 95.8193 -12.3392 11.2162 71.8505 33.1021 -12.8176 -60.3328 
110.633 109.438 32.7119 3.1756 -13.5007 -4.58166 61.8094 78.2949 -94.221 4.56772 -39.6831 -64.1483 16.6154 -98.7131 38.2774 -71.5704 -48.7244 -25.2044 -63.1874 80.3276 5.95925 -93.7201 -59.4195 -79.3654 55.5899 117.768 -13.9894 -90.009 100.803 21.2999 -95.6904 117.288 -94.8296 -4.81896 73.4268 -35.5657 2.70102 -15.4224 6.62795 -17.4235 -110.508 -27.4443 -28.265 -106.452 36.4459 -28.9026 9.92522 -82.6938 -6.9394 65.205 62.5081 126.769 -71.8681 64.1415 -4.70288 82.9964 55.63 90.7299 12.7399 92.2163 33.5746 -57.8332 -97.5532 -23.2457 
30.1726 61.7932 72.545 -83.7975 137.271 -83.9224 -69.7973 -57.6599 -9.92502 -10.7317 -65.8825 -42.2935 -87.2981 32.8938 -86.6571 33.7037 -45.2201 8.24744 -29.1515 13.5171 -48.8323 -5.45663 -41.9198 29.5883 -46.0465 67.7348 91.294 -25.7902 -46.6522 -83.2832 44.9016 84.7211 -24.0409 -39.9847 71.8959 -16.1236 62.2329 52.6191 131.358 -17.712 23.6072 99.8601 120.959 -2.16116 -66.8287 -1.48012 -85.3747 20.0514 -71.3083 -41.4191 -77.8738 7.34753 99.4872 -63.4179 -74.9919 -33.4545 -80.6421 -36.9668 149.638 -60.045 124.119 110.677 19.0227 -37.1151 
-18.2502 -16.0483 -98.5076 32.8692 -9.85279 10.0928 67.2206 -24.7884 72.5667 -98.9045 -10.3373 -16.1466 9.2059 78.7863 8.91339 -40.4503 -35.2543 -87.3159 -32.5237 -71.5727 -76.074 -0.0807395 -24.3633 -30.2625 98.8391 11.0684 -74.1067 59.9533 12.9087 -20.7683 1.23151 27.3014 29.2369 -79.169 114.503 -71.4588 -98.2188 -91.6713 -44.7795 -84.9825 52.9311 91.5007 -27.7479 48.3285 78.6725 -82.4767 -5.6122 94.1538 -38.7238 100.649 -3.10655 68.7139 44.392 -37.1152 57.1967 -45.6722 40.5052 93.0735 7.8914 21.3181 84.3515 47.8203 -0.773366 -69.0791 
138.904 136.55 34.8015 0.0972624 -27.9842 -7.51637 50.8562 91.3812 -67.8607 -2.55004 -41.8298 -65.04 12.9746 -72.5403 35.626 -81.5969 -54.8138 -39.5875 -68.2849 106.224 0.576614 -87.1077 -62.6456 -85.8958 39.1901 138.743 -29.3743 -67.3332 111.543 18.9082 -92.6252 131.413 -78.5919 -13.0228 51.0435 -48.2949 -7.53915 -30.3127 -5.51417 -29.1336 -86.0823 -29.4119 -43.9773 -82.5672 26.2604 -42.9467 6.37601 -58.3097 -12.519 46.9356 65.5631 123.599 -69.5912 74.2487 -6.14252 103.78 49.7092 72.3777 0.272325 97.0128 18.8049 -59.304 -92.2147 -33.7107 
37.6133 55.7013 51.6509 -118.088 91.9946 -105.715 -90.7002 -38.9598 10.4848 4.19277 -66.3666 -31.8565 -108.84 58.4635 -102.594 36.6355 -32.6235 16.8288 -15.1654 23.2843 -28.9375 8.98455 -30.2745 35.0057 -47.9583 62.8139 62.7305 -13.6029 -28.916 -85.2163 49.8706 74.5496 -11.3466 -20.7218 94.9902 -1.21929 46.8224 42.6158 82.8797 -1.86003 43.8605 104.911 82.449 16.8715 -94.2986 10.1275 -97.9818 50.8219 -63.7795 -37.4135 -75.5459 30.9482 90.4421 -45.4719 -111.625 -11.2874 -103.239 -25.6974 99.7815 -49.6668 111.291 96.296 30.7042 -19.6482 
-22.5996 -19.8276 -56.4742 31.4155 -14.0003 -3.90876 85.5385 -35.0734 80.1 -71.1248 -26.5073 -28.6384 -5.43834 70.9863 -5.85544 -36.3531 -44.8314 -63.424 -39.8296 -51.8322 -69.3899 -10.6825 -35.6567 -30.6749 141.427 -4.13899 -45.9798 65.9153 -1.94176 -38.5165 -8.26175 5.77605 20.9146 -69.3121 89.3182 -60.9693 -58.4975 -57.7557 -30.4654 -67.4118 41.8277 61.2126 -23.3168 41.9745 115.212 -63.2075 -23.5585 98.6972 -52.2945 138.829 -18.8903 49.6851 21.6644 -45.4927 77.4081 -45.1913 39.8023 111.957 -5.06003 7.55416 46.7799 22.8643 -10.3753 -64.1007 
92.4911 84.143 21.0908 -4.79091 -10.0237 -15.7041 84.9378 85.0106 -101.259 -0.285412 -56.2435 -74.0946 15.6806 -83.4413 47.4185 -57.718 -57.2416 -24.8217 -66.9369 66.5746 0.499181 -88.4254 -68.2064 -64.5356 67.6567 90.1089 -11.7869 -105.02 112.05 20.5563 -73.221 85.6912 -102.534 -10.162 50.8084 -36.7447 -0.866584 -14.3219 2.16083 -20.4383 -94.1701 -20.5625 -19.5257 -103.576 46.4654 -28.9351 5.47959 -77.9431 -15.5242 78.6969 76.107 120.711 -47.3943 68.9022 -17.9035 80.6927 75.9481 108.382 5.72249 110.234 18.3122 -37.6714 -82.2637 -28.2383 
57.0654 75.9044 59.6482 -116.136 84.6741 -104.161 -101.06 -48.2195 10.8121 9.87293 -56.3743 -22.9831 -118.72 45.034 -123.324 34.5754 -25.022 20.9403 -8.84241 36.3964 -26.1613 10.6152 -22.0331 32.5091 -38.3074 84.087 62.7176 -6.44128 -33.5041 -95.8003 42.2616 94.0763 -5.07718 -16.4031 94.5101 3.55906 51.2742 45.3826 81.4701 3.20565 34.7861 86.862 75.8007 15.4197 -89.5606 14.4608 -104.667 39.7967 -62.2633 -27.7786 -98.4805 51.7409 73.7522 -55.721 -98.675 -8.12599 -125.7 -17.6807 93.9259 -64.2652 101.818 79.6126 27.3558 -14.4343 
-31.6211 -24.7717 -57.3446 35.2768 -9.58838 -2.45034 110.418 -57.1878 60.3261 -73.1152 -21.3874 -21.2438 -6.47789 53.5424 -10.2994 -27.5973 -37.3606 -57.8444 -31.1666 -67.3075 -74.8276 -5.67 -27.8005 -22.4093 157.563 -4.7856 -39.9976 51.2442 -9.77219 -47.4772 -4.01887 8.03102 18.5332 -70.7335 87.8555 -54.3501 -55.3341 -52.3385 -25.6676 -64.3743 32.5578 51.8349 -17.6486 32.9336 130.242 -57.2629 -26.6275 74.0046 -53.8722 158.242 -32.8622 65.2851 19.3489 -68.4311 78.7696 -67.6353 51.0763 141.588 -1.74209 4.55531 44.5615 20.6835 -5.54455 -60.5264 
105.135 88.0183 11.3788 -22.6726 -19.2076 -30.8053 78.4334 107.694 -78.0733 -9.29734 -60.8857 -70.179 1.49777 -65.992 42.4354 -55.378 -59.3596 -32.0051 -64.6357 71.7372 -8.73108 -74.9085 -66.4597 -59.6966 45.0534 92.8965 -20.5001 -82.5096 148.318 11.2372 -63.4798 82.7386 -82.8988 -19.5105 30.3371 -42.3605 -10.5278 -22.6926 -8.85964 -28.6372 -73.5249 -26.7303 -26.6849 -80.2418 24.2428 -35.6496 -8.04686 -62.677 -26.6735 58.1679 90.4031 134.786 -45.2183 82.2305 -35.0731 98.5606 75.8222 103.592 -6.43135 144.415 2.87531 -38.7758 -69.9132 -36.102 
24.6905 48.7208 69.9787 -89.14 134.419 -91.4336 -64.9087 -49.8516 -8.61167 -7.60403 -76.4029 -49.8668 -91.134 40.4769 -86.0891 42.676 -52.2661 12.5915 -33.3684 13.8355 -49.3276 -4.44035 -49.0976 38.1355 -41.2878 52.4517 95.5763 -28.0615 -38.6322 -85.7002 56.1134 65.4123 -27.3506 -40.7158 64.7469 -15.6535 65.6959 58.8111 125.308 -16.4231 30.8688 100.443 124.432 0.0480604 -64.5076 1.60458 -90.469 25.6767 -77.6905 -36.1861 -72.2895 6.9777 108.715 -56.8678 -79.2417 -26.9 -76.8375 -30.9063 137.441 -51.6188 111.87 116.912 25.7897 -39.5379 
-11.8346 -10.1632 -84.9528 34.2974 -11.4057 9.84803 64.7737 -19.8059 86.4448 -96.6599 -13.7846 -21.7469 8.8709 91.4559 8.63862 -49.5055 -43.0574 -93.0756 -41.0802 -54.9712 -76.4121 -2.80701 -31.257 -38.4404 97.1166 10.3549 -73.6954 71.6908 12.2523 -21.1364 -1.21859 22.6784 34.1581 -81.7801 103.488 -80.206 -93.2313 -92.5548 -42.3669 -89.8568 62.6905 91.947 -29.8244 57.9158 79.5558 -89.5839 -6.55164 107.934 -42.1606 97.3157 -2.177 57.5835 46.438 -31.5164 61.4553 -35.7309 39.0073 85.7585 5.70372 19.5361 76.4496 48.7048 -3.70613 -75.807 
116.497 113.967 42.2985 5.23064 -11.08 -3.39615 56.6745 87.377 -76.0488 6.05956 -44.558 -74.1786 19.0285 -76.4374 41.6098 -86.0964 -59.4092 -33.5285 -76.5472 95.3436 7.57885 -102.37 -70.3836 -93.3071 46.7835 115.71 -15.7398 -77.3484 102.367 25.1425 -101.506 111.146 -93.3585 -6.55325 57.7959 -46.7563 4.4672 -19.4003 9.99737 -23.3712 -97.1839 -15.9985 -28.8185 -96.3176 33.7592 -38.459 12.0561 -58.8708 -8.15539 53.9078 67.924 110.278 -62.0171 74.2015 -1.44833 95.2828 55.0986 75.2722 16.0388 92.6668 31.4179 -48.0949 -105.733 -30.507 
41.1212 67.07 50.8969 -97.9694 97.9336 -85.5261 -103.104 -48.9128 0.128234 -0.218272 -53.2365 -27.9089 -93.0193 46.1018 -95.2908 28.3165 -28.7701 11.3403 -15.4393 20.301 -29.0904 2.89276 -26.7938 26.3982 -68.3311 80.2571 59.7971 -18.211 -44.4269 -75.7328 39.6665 99.5708 -14.0788 -21.608 127.48 -4.53646 42.8787 37.1469 87.9363 -5.293 31.4905 116.182 82.8717 7.27956 -100.152 5.2472 -82.7586 37.8089 -54.6055 -59.5109 -80.357 32.8491 88.143 -51.9646 -95.7446 -19.828 -106.07 -48.3275 113.998 -66.2554 140.464 97.9692 21.3926 -19.8571 
-40.8 -37.2265 -65.0681 25.4346 -21.0323 -0.920282 82.0772 -44.0017 63.7741 -65.2215 -16.5332 -19.2456 -3.6197 61.4489 -6.47709 -32.4597 -31.8445 -56.1943 -29.0816 -66.8384 -58.6331 -8.28593 -24.6822 -27.1104 153.487 -17.0308 -50.0259 50.4133 -13.3673 -31.1655 -9.32089 -2.27083 16.1207 -57.7759 124.296 -49.7405 -61.3138 -57.3023 -39.1828 -57.2946 33.1949 65.7191 -29.1202 32.3043 106.507 -54.312 -17.1665 88.522 -38.8132 157.843 -22.8158 61.4899 17.2403 -49.8555 61.5194 -57.535 33.4957 135.933 -12.4937 -1.15743 55.0315 18.947 -9.56521 -50.8976 
115.191 105.276 14.5356 -11.4851 -24.4997 -17.2633 66.5368 84.4042 -89.0412 -5.4122 -44.5339 -58.9827 5.62499 -86.4901 32.6066 -57.3997 -47.4403 -27.9616 -56.0162 71.422 -3.62588 -74.7989 -55.1596 -62.3345 50.4034 118.114 -21.6831 -85.9037 124.908 11.7986 -72.393 112.951 -81.7135 -12.8895 52.4363 -35.6481 -8.94184 -21.6007 -9.68093 -22.5476 -88.4392 -41.1147 -32.6198 -88.8157 25.1172 -30.6545 -1.11448 -83.1951 -15.9399 65.8152 65.6695 165.105 -61.9131 63.5248 -23.3242 84.9273 57.636 113.041 -7.87859 114.37 5.61059 -54.3661 -74.7755 -27.4266 
